,game_id,team,home_score,away_score,win,margin,total_pts,year,week
0,54467,PIT,13,10,True,3,23,2009,1
1,54468,ATL,19,7,True,12,26,2009,1
2,54469,BAL,38,24,True,14,62,2009,1
3,54470,CAR,10,38,False,28,48,2009,1
4,54471,CIN,7,12,False,5,19,2009,1
5,54472,CLE,20,34,False,14,54,2009,1
6,54473,HOU,7,24,False,17,31,2009,1
7,54474,IND,14,12,True,2,26,2009,1
8,54475,NO,45,27,True,18,72,2009,1
9,54476,TB,21,34,False,13,55,2009,1
10,54477,ARI,16,20,False,4,36,2009,1
11,54478,NYG,23,17,True,6,40,2009,1
12,54479,SEA,28,0,True,28,28,2009,1
13,54480,GB,21,15,True,6,36,2009,1
14,54481,NE,25,24,True,1,49,2009,1
15,54482,OAK,20,24,False,4,44,2009,1
16,54483,ATL,28,20,True,8,48,2009,2
17,54484,DET,13,27,False,14,40,2009,2
18,54485,GB,24,31,False,7,55,2009,2
19,54486,JAC,17,31,False,14,48,2009,2
20,54487,KC,10,13,False,3,23,2009,2
21,54488,NYJ,16,9,True,7,25,2009,2
22,54489,PHI,22,48,False,26,70,2009,2
23,54490,TEN,31,34,False,3,65,2009,2
24,54491,WAS,9,7,True,2,16,2009,2
25,54492,BUF,33,20,True,13,53,2009,2
26,54493,SF,23,10,True,13,33,2009,2
27,54494,CHI,17,14,True,3,31,2009,2
28,54495,DEN,27,6,True,21,33,2009,2
29,54496,SD,26,31,False,5,57,2009,2
30,54497,DAL,31,33,False,2,64,2009,2
31,54498,MIA,23,27,False,4,50,2009,2
32,54504,BAL,34,3,True,31,37,2009,3
33,54505,CIN,23,20,True,3,43,2009,3
34,54506,DET,19,14,True,5,33,2009,3
35,54507,HOU,24,31,False,7,55,2009,3
36,54508,MIN,27,24,True,3,51,2009,3
37,54509,NE,26,10,True,16,36,2009,3
38,54510,PHI,34,14,True,20,48,2009,3
39,54511,STL,17,36,False,19,53,2009,3
40,54512,TB,0,24,False,24,24,2009,3
41,54513,BUF,7,27,False,20,34,2009,3
42,54514,SEA,19,25,False,6,44,2009,3
43,54499,NYJ,24,17,True,7,41,2009,3
44,54500,OAK,3,23,False,20,26,2009,3
45,54501,SD,23,13,True,10,36,2009,3
46,54502,ARI,10,31,False,21,41,2009,3
47,54503,DAL,21,7,True,14,28,2009,3
48,54515,CHI,48,24,True,24,72,2009,4
49,54516,CLE,20,23,False,3,43,2009,4
50,54517,HOU,29,6,True,23,35,2009,4
51,54518,IND,34,17,True,17,51,2009,4
52,54519,JAC,37,17,True,20,54,2009,4
53,54520,KC,16,27,False,11,43,2009,4
54,54521,NE,27,21,True,6,48,2009,4
55,54522,WAS,16,13,True,3,29,2009,4
56,54523,MIA,38,10,True,28,48,2009,4
57,54524,NO,24,10,True,14,34,2009,4
58,54525,DEN,17,10,True,7,27,2009,4
59,54526,SF,35,0,True,35,35,2009,4
60,54527,PIT,38,28,True,10,66,2009,4
61,54528,MIN,30,23,True,7,53,2009,4
62,54529,BAL,14,17,False,3,31,2009,5
63,54530,BUF,3,6,False,3,9,2009,5
64,54531,CAR,20,17,True,3,37,2009,5
65,54532,DET,20,28,False,8,48,2009,5
66,54533,KC,20,26,False,6,46,2009,5
67,54534,NYG,44,7,True,37,51,2009,5
68,54535,PHI,33,14,True,19,47,2009,5
69,54536,STL,10,38,False,28,48,2009,5
70,54537,SF,10,45,False,35,55,2009,5
71,54538,ARI,28,21,True,7,49,2009,5
72,54539,DEN,20,17,True,3,37,2009,5
73,54540,SEA,41,0,True,41,41,2009,5
74,54541,TEN,9,31,False,22,40,2009,5
75,54542,MIA,31,27,True,4,58,2009,5
76,54543,CIN,17,28,False,11,45,2009,6
77,54544,GB,26,0,True,26,26,2009,6
78,54545,JAC,23,20,True,3,43,2009,6
79,54546,MIN,33,31,True,2,64,2009,6
80,54547,NO,48,27,True,21,75,2009,6
81,54548,PIT,27,14,True,13,41,2009,6
82,54549,TB,21,28,False,7,49,2009,6
83,54550,WAS,6,14,False,8,20,2009,6
84,54551,OAK,13,9,True,4,22,2009,6
85,54552,SEA,3,27,False,24,30,2009,6
86,54553,NE,59,0,True,59,59,2009,6
87,54554,NYJ,13,16,False,3,29,2009,6
88,54555,ATL,21,14,True,7,35,2009,6
89,54556,SD,23,34,False,11,57,2009,6
90,54557,CIN,45,10,True,35,55,2009,7
91,54558,CLE,3,31,False,28,34,2009,7
92,54559,HOU,24,21,True,3,45,2009,7
93,54560,KC,7,37,False,30,44,2009,7
94,54561,PIT,27,17,True,10,44,2009,7
95,54562,STL,6,42,False,36,48,2009,7
96,54563,TB,7,35,False,28,42,2009,7
97,54564,CAR,9,20,False,11,29,2009,7
98,54565,OAK,0,38,False,38,38,2009,7
99,54566,DAL,37,21,True,16,58,2009,7
100,54567,MIA,34,46,False,12,80,2009,7
101,54568,NYG,17,24,False,7,41,2009,7
102,54569,WAS,17,27,False,10,44,2009,7
103,54570,BAL,30,7,True,23,37,2009,8
104,54571,BUF,10,31,False,21,41,2009,8
105,54572,CHI,30,6,True,24,36,2009,8
106,54573,DAL,38,17,True,21,55,2009,8
107,54574,DET,10,17,False,7,27,2009,8
108,54575,GB,26,38,False,12,64,2009,8
109,54576,IND,18,14,True,4,32,2009,8
110,54577,NYJ,25,30,False,5,55,2009,8
111,54578,SD,24,16,True,8,40,2009,8
112,54579,TEN,30,13,True,17,43,2009,8
113,54580,ARI,21,34,False,13,55,2009,8
114,54581,PHI,40,17,True,23,57,2009,8
115,54582,NO,35,27,True,8,62,2009,8
116,54583,ATL,31,17,True,14,48,2009,9
117,54584,CHI,21,41,False,20,62,2009,9
118,54585,CIN,17,7,True,10,24,2009,9
119,54586,IND,20,17,True,3,37,2009,9
120,54587,JAC,24,21,True,3,45,2009,9
121,54588,NE,27,17,True,10,44,2009,9
122,54589,TB,38,28,True,10,66,2009,9
123,54590,NO,30,20,True,10,50,2009,9
124,54591,SEA,32,20,True,12,52,2009,9
125,54592,NYG,20,21,False,1,41,2009,9
126,54593,SF,27,34,False,7,61,2009,9
127,54594,PHI,16,20,False,4,36,2009,9
128,54595,DEN,10,28,False,18,38,2009,9
129,54596,SF,10,6,True,4,16,2009,10
130,54597,CAR,28,19,True,9,47,2009,10
131,54598,MIA,25,23,True,2,48,2009,10
132,54599,MIN,27,10,True,17,37,2009,10
133,54600,NYJ,22,24,False,2,46,2009,10
134,54601,PIT,12,18,False,6,30,2009,10
135,54602,STL,23,28,False,5,51,2009,10
136,54603,TEN,41,17,True,24,58,2009,10
137,54604,WAS,27,17,True,10,44,2009,10
138,54605,OAK,10,16,False,6,26,2009,10
139,54606,ARI,31,20,True,11,51,2009,10
140,54607,GB,17,7,True,10,24,2009,10
141,54608,SD,31,23,True,8,54,2009,10
142,54609,IND,35,34,True,1,69,2009,10
143,54610,CLE,0,16,False,16,16,2009,10
144,54611,CAR,17,24,False,7,41,2009,11
145,54612,BAL,15,17,False,2,32,2009,11
146,54613,DAL,7,6,True,1,13,2009,11
147,54614,DET,38,37,True,1,75,2009,11
148,54615,GB,30,24,True,6,54,2009,11
149,54616,JAC,18,15,True,3,33,2009,11
150,54617,KC,27,24,True,3,51,2009,11
151,54618,MIN,35,9,True,26,44,2009,11
152,54619,NYG,34,31,True,3,65,2009,11
153,54620,TB,7,38,False,31,45,2009,11
154,54621,STL,13,21,False,8,34,2009,11
155,54622,DEN,3,32,False,29,35,2009,11
156,54623,NE,31,14,True,17,45,2009,11
157,54624,OAK,20,17,True,3,37,2009,11
158,54625,CHI,20,24,False,4,44,2009,11
159,54626,HOU,17,20,False,3,37,2009,11
160,54627,DET,12,34,False,22,46,2009,12
161,54628,DAL,24,7,True,17,31,2009,12
162,54629,DEN,26,6,True,20,32,2009,12
163,54630,ATL,20,17,True,3,37,2009,12
164,54631,BUF,31,14,True,17,45,2009,12
165,54632,CIN,16,7,True,9,23,2009,12
166,54633,HOU,27,35,False,8,62,2009,12
167,54634,MIN,36,10,True,26,46,2009,12
168,54635,NYJ,17,6,True,11,23,2009,12
169,54636,PHI,27,24,True,3,51,2009,12
170,54637,STL,17,27,False,10,44,2009,12
171,54638,TEN,20,17,True,3,37,2009,12
172,54639,SD,43,14,True,29,57,2009,12
173,54640,SF,20,3,True,17,23,2009,12
174,54641,BAL,20,17,True,3,37,2009,12
175,54642,NO,38,17,True,21,55,2009,12
176,54643,BUF,13,19,False,6,32,2009,13
177,54644,ATL,7,34,False,27,41,2009,13
178,54645,CAR,16,6,True,10,22,2009,13
179,54646,CHI,17,9,True,8,26,2009,13
180,54647,CIN,23,13,True,10,36,2009,13
181,54648,IND,27,17,True,10,44,2009,13
182,54649,JAC,23,18,True,5,41,2009,13
183,54650,KC,13,44,False,31,57,2009,13
184,54651,PIT,24,27,False,3,51,2009,13
185,54652,WAS,30,33,False,3,63,2009,13
186,54653,CLE,23,30,False,7,53,2009,13
187,54654,ARI,30,17,True,13,47,2009,13
188,54655,NYG,31,24,True,7,55,2009,13
189,54656,SEA,20,17,True,3,37,2009,13
190,54657,MIA,22,21,True,1,43,2009,13
191,54658,GB,27,14,True,13,41,2009,13
192,54659,CLE,13,6,True,7,19,2009,14
193,54660,ATL,23,26,False,3,49,2009,14
194,54661,BAL,48,3,True,45,51,2009,14
195,54662,CHI,14,21,False,7,35,2009,14
196,54663,HOU,34,7,True,27,41,2009,14
197,54664,IND,28,16,True,12,44,2009,14
198,54665,JAC,10,14,False,4,24,2009,14
199,54666,KC,10,16,False,6,26,2009,14
200,54667,MIN,30,10,True,20,40,2009,14
201,54668,NE,20,10,True,10,30,2009,14
202,54669,TB,3,26,False,23,29,2009,14
203,54670,TEN,47,7,True,40,54,2009,14
204,54671,OAK,13,34,False,21,47,2009,14
205,54672,DAL,17,20,False,3,37,2009,14
206,54673,NYG,38,45,False,7,83,2009,14
207,54674,SF,24,9,True,15,33,2009,14
208,54675,JAC,31,35,False,4,66,2009,15
209,54676,NO,17,24,False,7,41,2009,15
210,54677,BAL,31,7,True,24,38,2009,15
211,54678,BUF,10,17,False,7,27,2009,15
212,54679,DET,24,31,False,7,55,2009,15
213,54680,KC,34,41,False,7,75,2009,15
214,54681,NYJ,7,10,False,3,17,2009,15
215,54682,PHI,27,13,True,14,40,2009,15
216,54683,PIT,37,36,True,1,73,2009,15
217,54684,STL,13,16,False,3,29,2009,15
218,54685,TEN,27,24,True,3,51,2009,15
219,54686,DEN,19,20,False,1,39,2009,15
220,54687,SD,27,24,True,3,51,2009,15
221,54688,SEA,7,24,False,17,31,2009,15
222,54689,CAR,26,7,True,19,33,2009,15
223,54690,WAS,12,45,False,33,57,2009,15
224,54691,TEN,17,42,False,25,59,2009,16
225,54692,ATL,31,3,True,28,34,2009,16
226,54693,CIN,17,10,True,7,27,2009,16
227,54694,CLE,23,9,True,14,32,2009,16
228,54695,GB,48,10,True,38,58,2009,16
229,54696,MIA,20,27,False,7,47,2009,16
230,54697,NYG,9,41,False,32,50,2009,16
231,54698,NE,35,7,True,28,42,2009,16
232,54699,NO,17,20,False,3,37,2009,16
233,54700,PHI,30,27,True,3,57,2009,16
234,54701,PIT,23,20,True,3,43,2009,16
235,54702,ARI,31,10,True,21,41,2009,16
236,54703,SF,20,6,True,14,26,2009,16
237,54704,IND,15,29,False,14,44,2009,16
238,54705,WAS,0,17,False,17,17,2009,16
239,54706,CHI,36,30,True,6,66,2009,16
240,54707,BUF,30,7,True,23,37,2009,17
241,54708,CAR,23,10,True,13,33,2009,17
242,54709,CLE,23,17,True,6,40,2009,17
243,54710,DAL,24,0,True,24,24,2009,17
244,54711,DET,23,37,False,14,60,2009,17
245,54712,HOU,34,27,True,7,61,2009,17
246,54713,MIA,24,30,False,6,54,2009,17
247,54714,MIN,44,7,True,37,51,2009,17
248,54715,NYJ,37,0,True,37,37,2009,17
249,54716,STL,6,28,False,22,34,2009,17
250,54717,TB,10,20,False,10,30,2009,17
251,54718,ARI,7,33,False,26,40,2009,17
252,54719,DEN,24,44,False,20,68,2009,17
253,54720,OAK,13,21,False,8,34,2009,17
254,54721,SD,23,20,True,3,43,2009,17
255,54722,SEA,13,17,False,4,30,2009,17
256,54863,NO,14,9,True,5,23,2010,1
257,54871,TB,17,14,True,3,31,2010,1
258,54864,BUF,10,15,False,5,25,2010,1
259,54868,NE,38,24,True,14,62,2010,1
260,54866,HOU,34,24,True,10,58,2010,1
261,54867,JAC,24,17,True,7,41,2010,1
262,54872,TEN,38,13,True,25,51,2010,1
263,54869,NYG,31,18,True,13,49,2010,1
264,54865,CHI,19,14,True,5,33,2010,1
265,54874,STL,13,17,False,4,30,2010,1
266,54870,PIT,15,9,True,6,24,2010,1
267,54873,PHI,20,27,False,7,47,2010,1
268,54875,SEA,31,6,True,25,37,2010,1
269,54876,WAS,13,7,True,6,20,2010,1
270,54877,NYJ,9,10,False,1,19,2010,1
271,54878,KC,21,14,True,7,35,2010,1
272,54892,WAS,27,30,False,3,57,2010,2
273,54885,GB,34,7,True,27,41,2010,2
274,54886,MIN,10,14,False,4,24,2010,2
275,54882,CLE,14,16,False,2,30,2010,2
276,54887,TEN,11,19,False,8,30,2010,2
277,54883,DAL,20,27,False,7,47,2010,2
278,54884,DET,32,35,False,3,67,2010,2
279,54879,ATL,41,7,True,34,48,2010,2
280,54880,CAR,7,20,False,13,27,2010,2
281,54888,DEN,31,14,True,17,45,2010,2
282,54889,OAK,16,14,True,2,30,2010,2
283,54890,NYJ,28,14,True,14,42,2010,2
284,54881,CIN,15,10,True,5,25,2010,2
285,54891,SD,38,13,True,25,51,2010,2
286,54893,IND,38,14,True,24,52,2010,2
287,54894,SF,22,25,False,3,47,2010,2
288,54902,NYG,10,29,False,19,39,2010,3
289,54896,CAR,7,20,False,13,27,2010,3
290,54903,TB,13,38,False,25,51,2010,3
291,54900,NE,38,30,True,8,68,2010,3
292,54895,BAL,24,17,True,7,41,2010,3
293,54899,MIN,24,10,True,14,34,2010,3
294,54901,NO,24,27,False,3,51,2010,3
295,54905,STL,30,16,True,14,46,2010,3
296,54897,HOU,13,27,False,14,40,2010,3
297,54898,KC,31,10,True,21,41,2010,3
298,54904,JAC,3,28,False,25,31,2010,3
299,54907,DEN,13,27,False,14,40,2010,3
300,54906,ARI,24,23,True,1,47,2010,3
301,54908,SEA,27,20,True,7,47,2010,3
302,54909,MIA,23,31,False,8,54,2010,3
303,54910,CHI,20,17,True,3,37,2010,3
304,54912,BUF,14,38,False,24,52,2010,4
305,54913,CLE,23,20,True,3,43,2010,4
306,54916,PIT,14,17,False,3,31,2010,4
307,54918,TEN,20,26,False,6,46,2010,4
308,54914,GB,28,26,True,2,54,2010,4
309,54911,ATL,16,14,True,2,30,2010,4
310,54915,NO,16,14,True,2,30,2010,4
311,54917,STL,20,3,True,17,23,2010,4
312,54919,JAC,31,28,True,3,59,2010,4
313,54920,OAK,24,31,False,7,55,2010,4
314,54921,PHI,12,17,False,5,29,2010,4
315,54922,SD,41,10,True,31,51,2010,4
316,54923,NYG,17,3,True,14,20,2010,4
317,54924,MIA,14,41,False,27,55,2010,4
318,54926,BUF,26,36,False,10,62,2010,5
319,54925,BAL,31,17,True,14,48,2010,5
320,54931,IND,19,9,True,10,28,2010,5
321,54933,WAS,16,13,True,3,29,2010,5
322,54930,DET,44,6,True,38,50,2010,5
323,54927,CAR,6,23,False,17,29,2010,5
324,54928,CIN,21,24,False,3,45,2010,5
325,54929,CLE,10,20,False,10,30,2010,5
326,54932,HOU,10,34,False,24,44,2010,5
327,54934,ARI,30,20,True,10,50,2010,5
328,54935,DAL,27,34,False,7,61,2010,5
329,54936,OAK,35,27,True,8,62,2010,5
330,54937,SF,24,27,False,3,51,2010,5
331,54938,NYJ,29,20,True,9,49,2010,5
332,54940,GB,20,23,False,3,43,2010,6
333,54946,STL,20,17,True,3,37,2010,6
334,54942,NE,23,20,True,3,43,2010,6
335,54945,PIT,28,10,True,18,38,2010,6
336,54941,HOU,35,31,True,4,66,2010,6
337,54943,NYG,28,20,True,8,48,2010,6
338,54944,PHI,31,17,True,14,48,2010,6
339,54939,CHI,20,23,False,3,43,2010,6
340,54947,TB,6,31,False,25,37,2010,6
341,54948,DEN,20,24,False,4,44,2010,6
342,54949,SF,17,9,True,8,26,2010,6
343,54950,MIN,24,21,True,3,45,2010,6
344,54951,WAS,24,27,False,3,51,2010,6
345,54952,JAC,3,30,False,27,33,2010,6
346,54953,ATL,39,32,True,7,71,2010,7
347,54818,MIA,22,23,False,1,45,2010,7
348,54954,BAL,37,34,True,3,71,2010,7
349,54817,KC,42,20,True,22,62,2010,7
350,54819,NO,17,30,False,13,47,2010,7
351,54816,CHI,14,17,False,3,31,2010,7
352,54955,CAR,23,20,True,3,43,2010,7
353,54820,TB,18,17,True,1,35,2010,7
354,54821,TEN,37,19,True,18,56,2010,7
355,54822,SEA,22,10,True,12,32,2010,7
356,54823,SD,20,23,False,3,43,2010,7
357,54824,DEN,14,59,False,45,73,2010,7
358,54825,GB,28,24,True,4,52,2010,7
359,54826,DAL,35,41,False,6,76,2010,7
360,54833,SF,24,16,True,8,40,2010,8
361,54828,DAL,17,35,False,18,52,2010,8
362,54827,CIN,14,22,False,8,36,2010,8
363,54830,KC,13,10,True,3,23,2010,8
364,54829,DET,37,25,True,12,62,2010,8
365,54832,STL,20,10,True,10,30,2010,8
366,54831,NYJ,0,9,False,9,9,2010,8
367,54834,SD,33,25,True,8,58,2010,8
368,54835,NE,28,18,True,10,46,2010,8
369,54837,ARI,35,38,False,3,73,2010,8
370,54836,OAK,33,3,True,30,36,2010,8
371,54838,NO,20,10,True,10,30,2010,8
372,54839,IND,30,17,True,13,47,2010,8
373,54845,DET,20,23,False,3,43,2010,9
374,54841,BAL,26,10,True,16,36,2010,9
375,54844,CLE,34,14,True,20,48,2010,9
376,54846,HOU,23,29,False,6,52,2010,9
377,54842,BUF,19,22,False,3,41,2010,9
378,54847,MIN,27,24,True,3,51,2010,9
379,54840,ATL,27,21,True,6,48,2010,9
380,54843,CAR,3,34,False,31,37,2010,9
381,54848,SEA,7,41,False,34,48,2010,9
382,54849,PHI,26,24,True,2,50,2010,9
383,54850,OAK,23,20,True,3,43,2010,9
384,54851,GB,45,7,True,38,52,2010,9
385,54852,CIN,21,27,False,6,48,2010,9
386,54853,ATL,26,21,True,5,47,2010,10
387,54859,MIA,29,17,True,12,46,2010,10
388,54856,CLE,20,26,False,6,46,2010,10
389,54857,IND,23,17,True,6,40,2010,10
390,54858,JAC,31,24,True,7,55,2010,10
391,54855,CHI,27,13,True,14,40,2010,10
392,54860,TB,31,16,True,15,47,2010,10
393,54854,BUF,14,12,True,2,26,2010,10
394,54861,DEN,49,29,True,20,78,2010,10
395,54862,NYG,20,33,False,13,53,2010,10
396,54956,ARI,18,36,False,18,54,2010,10
397,54957,SF,23,20,True,3,43,2010,10
398,54958,PIT,26,39,False,13,65,2010,10
399,54959,WAS,28,59,False,31,87,2010,10
400,54960,MIA,0,16,False,16,16,2010,11
401,54961,CAR,13,37,False,24,50,2010,11
402,54967,NYJ,30,27,True,3,57,2010,11
403,54962,CIN,31,49,False,18,80,2010,11
404,54968,PIT,35,3,True,32,38,2010,11
405,54964,JAC,24,20,True,4,44,2010,11
406,54963,DAL,35,19,True,16,54,2010,11
407,54966,MIN,3,31,False,28,34,2010,11
408,54970,NO,34,19,True,15,53,2010,11
409,54969,TEN,16,19,False,3,35,2010,11
410,54965,KC,31,13,True,18,44,2010,11
411,54971,STL,17,34,False,17,51,2010,11
412,54972,SF,0,21,False,21,21,2010,11
413,54973,NE,31,28,True,3,59,2010,11
414,54974,PHI,27,17,True,10,44,2010,11
415,54975,SD,35,14,True,21,49,2010,11
416,54976,DET,24,45,False,21,69,2010,12
417,54977,DAL,27,30,False,3,57,2010,12
418,54978,NYJ,26,10,True,16,36,2010,12
419,54985,NYG,24,20,True,4,44,2010,12
420,54981,BUF,16,19,False,3,35,2010,12
421,54984,HOU,20,0,True,20,20,2010,12
422,54986,WAS,13,17,False,4,30,2010,12
423,54982,CHI,31,26,True,5,57,2010,12
424,54979,ATL,20,17,True,3,37,2010,12
425,54980,BAL,17,10,True,7,27,2010,12
426,54983,CLE,24,23,True,1,47,2010,12
427,54987,SEA,24,42,False,18,66,2010,12
428,54988,OAK,17,33,False,16,50,2010,12
429,54989,DEN,33,36,False,3,69,2010,12
430,54990,IND,14,36,False,22,50,2010,12
431,54991,ARI,6,27,False,21,33,2010,12
432,54992,PHI,34,24,True,10,58,2010,13
433,54998,MIN,38,14,True,24,52,2010,13
434,54997,MIA,10,13,False,3,23,2010,13
435,55001,TEN,6,17,False,11,23,2010,13
436,54996,KC,10,6,True,4,16,2010,13
437,54999,NYG,31,7,True,24,38,2010,13
438,54994,DET,20,24,False,4,44,2010,13
439,54995,GB,34,16,True,18,50,2010,13
440,55000,TB,24,28,False,4,52,2010,13
441,54993,CIN,30,34,False,4,64,2010,13
442,55002,SD,13,28,False,15,41,2010,13
443,55004,IND,35,38,False,3,73,2010,13
444,55003,ARI,6,19,False,13,25,2010,13
445,55005,SEA,31,14,True,17,45,2010,13
446,55006,BAL,10,13,False,3,23,2010,13
447,55007,NE,45,3,True,42,48,2010,13
448,55008,TEN,28,30,False,2,58,2010,14
449,55009,CHI,7,36,False,29,43,2010,14
450,55010,BUF,13,6,True,7,19,2010,14
451,55011,PIT,23,7,True,16,30,2010,14
452,55012,JAC,38,31,True,7,69,2010,14
453,55013,WAS,16,17,False,1,33,2010,14
454,55014,DET,7,3,True,4,10,2010,14
455,55016,CAR,10,31,False,21,41,2010,14
456,55017,NO,31,13,True,18,44,2010,14
457,55018,SF,40,21,True,19,61,2010,14
458,55020,NYJ,6,10,False,4,16,2010,14
459,55019,ARI,43,13,True,30,56,2010,14
460,55021,SD,31,0,True,31,31,2010,14
461,55022,DAL,27,30,False,3,57,2010,14
462,55023,HOU,28,34,False,6,62,2010,14
463,55015,MIN,3,21,False,18,24,2010,14
464,55024,SD,34,7,True,27,41,2010,15
465,55032,STL,13,27,False,14,40,2010,15
466,55030,MIA,14,17,False,3,31,2010,15
467,55027,CIN,19,17,True,2,36,2010,15
468,55029,IND,34,24,True,10,58,2010,15
469,55034,TEN,31,17,True,14,48,2010,15
470,55028,DAL,33,30,True,3,63,2010,15
471,55031,NYG,31,38,False,7,69,2010,15
472,55026,CAR,19,12,True,7,31,2010,15
473,55033,TB,20,23,False,3,43,2010,15
474,55025,BAL,30,24,True,6,54,2010,15
475,55035,SEA,18,34,False,16,52,2010,15
476,55037,PIT,17,22,False,5,39,2010,15
477,55036,OAK,39,23,True,16,62,2010,15
478,55038,NE,31,27,True,4,58,2010,15
479,55039,MIN,14,40,False,26,54,2010,15
480,55040,PIT,27,3,True,24,30,2010,16
481,55041,ARI,27,26,True,1,53,2010,16
482,55043,CHI,38,34,True,4,72,2010,16
483,55042,BUF,3,34,False,31,37,2010,16
484,55044,CLE,10,20,False,10,30,2010,16
485,55046,KC,34,14,True,20,48,2010,16
486,55050,TB,38,15,True,23,53,2010,16
487,55049,STL,25,17,True,8,42,2010,16
488,55047,MIA,27,34,False,7,61,2010,16
489,55045,JAC,17,20,False,3,37,2010,16
490,55051,DEN,24,23,True,1,47,2010,16
491,55052,OAK,26,31,False,5,57,2010,16
492,55053,GB,45,17,True,28,62,2010,16
493,55054,CIN,34,20,True,14,54,2010,16
494,55055,ATL,14,17,False,3,31,2010,16
495,55048,PHI,14,24,False,10,38,2010,16
496,55064,NE,38,7,True,31,45,2010,17
497,55066,NYJ,38,7,True,31,45,2010,17
498,55057,BAL,13,7,True,6,20,2010,17
499,55058,CLE,9,41,False,32,50,2010,17
500,55061,HOU,34,17,True,17,51,2010,17
501,55062,IND,23,20,True,3,43,2010,17
502,55063,KC,10,31,False,21,41,2010,17
503,55067,PHI,13,14,False,1,27,2010,17
504,55068,WAS,14,17,False,3,31,2010,17
505,55059,DET,20,13,True,7,33,2010,17
506,55060,GB,10,3,True,7,13,2010,17
507,55056,ATL,31,10,True,21,41,2010,17
508,55065,NO,13,23,False,10,36,2010,17
509,55069,DEN,28,33,False,5,61,2010,17
510,55070,SF,38,7,True,31,45,2010,17
511,55071,SEA,16,6,True,10,22,2010,17
512,55164,GB,42,34,True,8,76,2011,1
513,55165,BAL,35,7,True,28,42,2011,1
514,55167,CLE,17,27,False,10,44,2011,1
515,55168,HOU,34,7,True,27,41,2011,1
516,55169,JAC,16,14,True,2,30,2011,1
517,55170,KC,7,41,False,34,48,2011,1
518,55166,CHI,30,12,True,18,42,2011,1
519,55172,TB,20,27,False,7,47,2011,1
520,55171,STL,13,31,False,18,44,2011,1
521,55176,WAS,28,14,True,14,42,2011,1
522,55173,ARI,28,21,True,7,49,2011,1
523,55175,SF,33,17,True,16,50,2011,1
524,55174,SD,24,17,True,7,41,2011,1
525,55177,NYJ,27,24,True,3,51,2011,1
526,55178,MIA,24,38,False,14,62,2011,1
527,55179,DEN,20,23,False,3,43,2011,1
528,55182,DET,48,3,True,45,51,2011,2
529,55180,BUF,38,35,True,3,73,2011,2
530,55188,TEN,26,13,True,13,39,2011,2
531,55186,NYJ,32,3,True,29,35,2011,2
532,55183,IND,19,27,False,8,46,2011,2
533,55189,WAS,22,21,True,1,43,2011,2
534,55184,MIN,20,24,False,4,44,2011,2
535,55181,CAR,23,30,False,7,53,2011,2
536,55185,NO,30,13,True,17,43,2011,2
537,55187,PIT,24,0,True,24,24,2011,2
538,55190,SF,24,27,False,3,51,2011,2
539,55193,NE,35,21,True,14,56,2011,2
540,55191,DEN,24,22,True,2,46,2011,2
541,55192,MIA,13,23,False,10,36,2011,2
542,55194,ATL,35,31,True,4,66,2011,2
543,55195,NYG,28,16,True,12,44,2011,2
544,55197,CAR,16,10,True,6,26,2011,3
545,55201,NO,40,33,True,7,73,2011,3
546,55196,BUF,34,31,True,3,65,2011,3
547,55199,CLE,17,16,True,1,33,2011,3
548,55203,TEN,17,14,True,3,31,2011,3
549,55202,PHI,16,29,False,13,45,2011,3
550,55200,MIN,23,26,False,3,49,2011,3
551,55198,CIN,8,13,False,5,21,2011,3
552,55204,OAK,34,24,True,10,58,2011,3
553,55206,SD,20,17,True,3,37,2011,3
554,55205,STL,7,37,False,30,44,2011,3
555,55207,CHI,17,27,False,10,44,2011,3
556,55208,SEA,13,10,True,3,23,2011,3
557,55209,TB,16,13,True,3,29,2011,3
558,55210,IND,20,23,False,3,43,2011,3
559,55211,DAL,18,16,True,2,34,2011,3
560,55213,CIN,23,20,True,3,43,2011,4
561,55214,CLE,13,31,False,18,44,2011,4
562,55216,HOU,17,10,True,7,27,2011,4
563,55215,DAL,30,34,False,4,64,2011,4
564,55219,PHI,23,24,False,1,47,2011,4
565,55212,CHI,34,29,True,5,63,2011,4
566,55220,STL,10,17,False,7,27,2011,4
567,55217,JAC,10,23,False,13,33,2011,4
568,55218,KC,22,17,True,5,39,2011,4
569,55221,ARI,27,31,False,4,58,2011,4
570,55222,SEA,28,30,False,2,58,2011,4
571,55223,GB,49,23,True,26,72,2011,4
572,55224,OAK,19,31,False,12,50,2011,4
573,55225,SD,26,16,True,10,42,2011,4
574,55226,BAL,34,17,True,17,51,2011,4
575,55227,TB,24,17,True,7,41,2011,4
576,55235,PIT,38,17,True,21,55,2011,5
577,55230,HOU,20,25,False,5,45,2011,5
578,55231,IND,24,28,False,4,52,2011,5
579,55232,JAC,20,30,False,10,50,2011,5
580,55234,NYG,25,36,False,11,61,2011,5
581,55233,MIN,34,10,True,24,44,2011,5
582,55229,CAR,27,30,False,3,57,2011,5
583,55228,BUF,31,24,True,7,55,2011,5
584,55236,SF,48,3,True,45,51,2011,5
585,55238,NE,30,21,True,9,51,2011,5
586,55237,DEN,24,29,False,5,53,2011,5
587,55239,ATL,14,25,False,11,39,2011,5
588,55240,DET,24,13,True,11,37,2011,5
589,55245,NYG,27,24,True,3,51,2011,6
590,55242,CIN,27,17,True,10,44,2011,6
591,55246,PIT,17,13,True,4,30,2011,6
592,55247,WAS,13,20,False,7,33,2011,6
593,55243,DET,19,25,False,6,44,2011,6
594,55244,GB,24,3,True,21,27,2011,6
595,55241,ATL,31,17,True,14,48,2011,6
596,55249,OAK,24,17,True,7,41,2011,6
597,55248,BAL,29,14,True,15,43,2011,6
598,55251,TB,26,20,True,6,46,2011,6
599,55250,NE,20,16,True,4,36,2011,6
600,55252,CHI,39,10,True,29,49,2011,6
601,55253,NYJ,24,6,True,18,30,2011,6
602,55257,MIA,15,18,False,3,33,2011,7
603,55258,NYJ,27,21,True,6,48,2011,7
604,55260,TEN,7,41,False,34,48,2011,7
605,55256,DET,16,23,False,7,39,2011,7
606,55254,CAR,33,20,True,13,53,2011,7
607,55259,TB,18,24,False,6,42,2011,7
608,55255,CLE,6,3,True,3,9,2011,7
609,55261,ARI,20,32,False,12,52,2011,7
610,55262,OAK,0,28,False,28,28,2011,7
611,55264,MIN,27,33,False,6,60,2011,7
612,55263,DAL,34,7,True,27,41,2011,7
613,55265,NO,62,7,True,55,69,2011,7
614,55266,JAC,12,7,True,5,19,2011,7
615,55270,NYG,20,17,True,3,37,2011,8
616,55269,HOU,24,14,True,10,38,2011,8
617,55272,TEN,27,10,True,17,37,2011,8
618,55268,CAR,21,24,False,3,45,2011,8
619,55271,STL,31,21,True,10,52,2011,8
620,55267,BAL,30,27,True,3,57,2011,8
621,55274,DEN,10,45,False,35,55,2011,8
622,55273,BUF,23,0,True,23,23,2011,8
623,55275,PIT,25,17,True,8,42,2011,8
624,55276,SF,20,10,True,10,30,2011,8
625,55277,SEA,12,34,False,22,46,2011,8
626,55278,PHI,34,7,True,27,41,2011,8
627,55279,KC,23,20,True,3,43,2011,8
628,55280,BUF,11,27,False,16,38,2011,9
629,55282,HOU,30,12,True,18,42,2011,9
630,55284,KC,3,31,False,28,34,2011,9
631,55281,DAL,23,13,True,10,36,2011,9
632,55286,WAS,11,19,False,8,30,2011,9
633,55285,NO,27,16,True,11,43,2011,9
634,55283,IND,7,31,False,24,38,2011,9
635,55287,OAK,24,38,False,14,62,2011,9
636,55288,TEN,17,24,False,7,41,2011,9
637,55290,NE,20,24,False,4,44,2011,9
638,55291,SD,38,45,False,7,83,2011,9
639,55289,ARI,19,13,True,6,32,2011,9
640,55292,PIT,20,23,False,3,43,2011,9
641,55293,PHI,24,30,False,6,54,2011,9
642,55294,SD,17,24,False,7,41,2011,10
643,55300,DAL,44,7,True,37,51,2011,10
644,55296,CAR,3,30,False,27,33,2011,10
645,55305,TB,9,37,False,28,46,2011,10
646,55298,CIN,17,24,False,7,41,2011,10
647,55301,IND,3,17,False,14,20,2011,10
648,55302,KC,10,17,False,7,27,2011,10
649,55304,PHI,17,21,False,4,38,2011,10
650,55297,CHI,37,13,True,24,50,2011,10
651,55295,ATL,23,26,False,3,49,2011,10
652,55303,MIA,20,9,True,11,29,2011,10
653,55299,CLE,12,13,False,1,25,2011,10
654,55306,SEA,22,17,True,5,39,2011,10
655,55307,SF,27,20,True,7,47,2011,10
656,55308,NYJ,16,37,False,21,53,2011,10
657,55309,GB,45,7,True,38,52,2011,10
658,55310,DEN,17,13,True,4,30,2011,11
659,55317,MIN,21,27,False,6,48,2011,11
660,55311,ATL,23,17,True,6,40,2011,11
661,55316,MIA,35,8,True,27,43,2011,11
662,55313,CLE,14,10,True,4,24,2011,11
663,55312,BAL,31,24,True,7,55,2011,11
664,55318,WAS,24,27,False,3,51,2011,11
665,55314,DET,49,35,True,14,84,2011,11
666,55315,GB,35,26,True,9,61,2011,11
667,55320,SF,23,7,True,16,30,2011,11
668,55319,STL,7,24,False,17,31,2011,11
669,55321,CHI,31,20,True,11,51,2011,11
670,55322,NYG,10,17,False,7,27,2011,11
671,55323,NE,34,3,True,31,37,2011,11
672,55324,DET,15,27,False,12,42,2011,12
673,55325,DAL,20,19,True,1,39,2011,12
674,55326,BAL,16,6,True,10,22,2011,12
675,55331,NYJ,28,24,True,4,52,2011,12
676,55328,CIN,23,20,True,3,43,2011,12
677,55330,JAC,13,20,False,7,33,2011,12
678,55327,ATL,24,14,True,10,38,2011,12
679,55332,STL,20,23,False,3,43,2011,12
680,55329,IND,19,27,False,8,46,2011,12
681,55333,TEN,23,17,True,6,40,2011,12
682,55335,SEA,17,23,False,6,40,2011,12
683,55334,OAK,25,20,True,5,45,2011,12
684,55336,PHI,20,38,False,18,58,2011,12
685,55337,SD,13,16,False,3,29,2011,12
686,55338,KC,9,13,False,4,22,2011,12
687,55339,NO,49,24,True,25,73,2011,12
688,55340,SEA,31,14,True,17,45,2011,13
689,55349,WAS,19,34,False,15,53,2011,13
690,55342,CHI,3,10,False,7,13,2011,13
691,55341,BUF,17,23,False,6,40,2011,13
692,55345,MIA,34,14,True,20,48,2011,13
693,55343,CLE,10,24,False,14,34,2011,13
694,55347,PIT,35,7,True,28,42,2011,13
695,55346,NO,31,17,True,14,48,2011,13
696,55348,TB,19,38,False,19,57,2011,13
697,55344,HOU,17,10,True,7,27,2011,13
698,55350,MIN,32,35,False,3,67,2011,13
699,55352,NYG,35,38,False,3,73,2011,13
700,55351,ARI,19,13,True,6,32,2011,13
701,55353,SF,26,0,True,26,26,2011,13
702,55354,NE,31,24,True,7,55,2011,13
703,55355,JAC,14,38,False,24,52,2011,13
704,55356,PIT,14,3,True,11,17,2011,14
705,55366,WAS,27,34,False,7,61,2011,14
706,55361,GB,46,16,True,30,62,2011,14
707,55364,NYJ,37,10,True,27,47,2011,14
708,55359,CIN,19,20,False,1,39,2011,14
709,55357,BAL,24,10,True,14,34,2011,14
710,55360,DET,34,28,True,6,62,2011,14
711,55358,CAR,23,31,False,8,54,2011,14
712,55363,MIA,10,26,False,16,36,2011,14
713,55362,JAC,41,14,True,27,55,2011,14
714,55365,TEN,17,22,False,5,39,2011,14
715,55367,ARI,21,19,True,2,40,2011,14
716,55368,DEN,13,10,True,3,23,2011,14
717,55369,SD,37,10,True,27,47,2011,14
718,55370,DAL,34,37,False,3,71,2011,14
719,55371,SEA,30,13,True,17,43,2011,14
720,55372,ATL,41,14,True,27,55,2011,15
721,55373,TB,15,31,False,16,46,2011,15
722,55381,STL,13,20,False,7,33,2011,15
723,55374,BUF,23,30,False,7,53,2011,15
724,55377,IND,27,13,True,14,40,2011,15
725,55380,NYG,10,23,False,13,33,2011,15
726,55375,CHI,14,38,False,24,52,2011,15
727,55379,MIN,20,42,False,22,62,2011,15
728,55376,HOU,13,28,False,15,41,2011,15
729,55378,KC,19,14,True,5,33,2011,15
730,55382,OAK,27,28,False,1,55,2011,15
731,55385,PHI,45,19,True,26,64,2011,15
732,55383,ARI,20,17,True,3,37,2011,15
733,55384,DEN,23,41,False,18,64,2011,15
734,55386,SD,34,14,True,20,48,2011,15
735,55387,SF,20,3,True,17,23,2011,15
736,55388,IND,19,16,True,3,35,2011,16
737,55390,BUF,40,14,True,26,54,2011,16
738,55394,NE,27,24,True,3,51,2011,16
739,55389,BAL,20,14,True,6,34,2011,16
740,55397,TEN,23,17,True,6,40,2011,16
741,55393,KC,13,16,False,3,29,2011,16
742,55395,NYJ,14,29,False,15,43,2011,16
743,55398,WAS,26,33,False,7,59,2011,16
744,55391,CAR,48,16,True,32,64,2011,16
745,55392,CIN,23,16,True,7,39,2011,16
746,55396,PIT,27,0,True,27,27,2011,16
747,55399,DET,38,10,True,28,48,2011,16
748,55400,DAL,7,20,False,13,27,2011,16
749,55401,SEA,17,19,False,2,36,2011,16
750,55402,GB,35,21,True,14,56,2011,16
751,55403,NO,45,16,True,29,61,2011,16
752,55410,MIA,19,17,True,2,36,2011,17
753,55412,NE,49,21,True,28,70,2011,17
754,55405,CIN,16,24,False,8,40,2011,17
755,55406,CLE,9,13,False,4,22,2011,17
756,55408,HOU,22,23,False,1,45,2011,17
757,55409,JAC,19,13,True,6,32,2011,17
758,55414,NYG,31,14,True,17,45,2011,17
759,55415,PHI,34,10,True,24,44,2011,17
760,55407,GB,45,41,True,4,86,2011,17
761,55411,MIN,13,17,False,4,30,2011,17
762,55404,ATL,45,24,True,21,69,2011,17
763,55413,NO,45,17,True,28,62,2011,17
764,55416,STL,27,34,False,7,61,2011,17
765,55418,DEN,3,7,False,4,10,2011,17
766,55419,OAK,26,38,False,12,64,2011,17
767,55417,ARI,23,20,True,3,43,2011,17
768,55504,NYG,17,24,False,7,41,2012,1
769,55505,CHI,41,21,True,20,62,2012,1
770,55510,MIN,26,23,True,3,49,2012,1
771,55512,NYJ,48,28,True,20,76,2012,1
772,55508,HOU,30,10,True,20,40,2012,1
773,55513,TEN,13,34,False,21,47,2012,1
774,55507,DET,27,23,True,4,50,2012,1
775,55511,NO,32,40,False,8,72,2012,1
776,55506,CLE,16,17,False,1,33,2012,1
777,55509,KC,24,40,False,16,64,2012,1
778,55515,GB,22,30,False,8,52,2012,1
779,55514,ARI,20,16,True,4,36,2012,1
780,55516,TB,16,10,True,6,26,2012,1
781,55517,DEN,31,19,True,12,50,2012,1
782,55518,BAL,44,13,True,31,57,2012,1
783,55519,OAK,14,22,False,8,36,2012,1
784,55520,GB,23,10,True,13,33,2012,2
785,55527,NYG,41,34,True,7,75,2012,2
786,55522,CAR,35,27,True,8,62,2012,2
787,55526,NE,18,20,False,2,38,2012,2
788,55524,IND,23,20,True,3,43,2012,2
789,55528,PHI,24,23,True,1,47,2012,2
790,55521,BUF,35,17,True,18,52,2012,2
791,55523,CIN,34,27,True,7,61,2012,2
792,55525,JAC,7,27,False,20,34,2012,2
793,55530,SEA,27,7,True,20,34,2012,2
794,55529,STL,31,28,True,3,59,2012,2
795,55532,PIT,27,10,True,17,37,2012,2
796,55533,SD,38,10,True,28,48,2012,2
797,55531,MIA,35,13,True,22,48,2012,2
798,55534,SF,27,19,True,8,46,2012,2
799,55535,ATL,27,21,True,6,48,2012,2
800,55536,CAR,7,36,False,29,43,2012,3
801,55539,DAL,16,10,True,6,26,2012,3
802,55537,CHI,23,6,True,17,29,2012,3
803,55542,MIN,24,13,True,11,37,2012,3
804,55544,TEN,44,41,True,3,85,2012,3
805,55545,WAS,31,38,False,7,69,2012,3
806,55543,NO,24,27,False,3,51,2012,3
807,55541,MIA,20,23,False,3,43,2012,3
808,55538,CLE,14,24,False,10,38,2012,3
809,55540,IND,17,22,False,5,39,2012,3
810,55546,ARI,27,6,True,21,33,2012,3
811,55547,SD,3,27,False,24,30,2012,3
812,55548,DEN,25,31,False,6,56,2012,3
813,55549,OAK,34,31,True,3,65,2012,3
814,55550,BAL,31,30,True,1,61,2012,3
815,55551,SEA,14,12,True,2,26,2012,3
816,55552,BAL,23,16,True,7,39,2012,4
817,55554,BUF,28,52,False,24,80,2012,4
818,55556,HOU,38,14,True,24,52,2012,4
819,55558,KC,20,37,False,17,57,2012,4
820,55555,DET,13,20,False,7,33,2012,4
821,55553,ATL,30,28,True,2,58,2012,4
822,55560,STL,19,13,True,6,32,2012,4
823,55559,NYJ,0,34,False,34,34,2012,4
824,55562,ARI,24,21,True,3,45,2012,4
825,55563,DEN,37,6,True,31,43,2012,4
826,55557,JAC,10,27,False,17,37,2012,4
827,55564,GB,28,27,True,1,55,2012,4
828,55561,TB,22,24,False,2,46,2012,4
829,55565,PHI,19,17,True,2,36,2012,4
830,55566,DAL,18,34,False,16,52,2012,4
831,55567,STL,17,3,True,14,20,2012,5
832,55574,WAS,17,24,False,7,41,2012,5
833,55573,PIT,16,14,True,2,30,2012,5
834,55569,IND,30,27,True,3,57,2012,5
835,55572,NYG,41,27,True,14,68,2012,5
836,55571,MIN,30,7,True,23,37,2012,5
837,55568,CIN,13,17,False,4,30,2012,5
838,55570,KC,6,9,False,3,15,2012,5
839,55575,CAR,12,16,False,4,28,2012,5
840,55576,JAC,3,41,False,38,44,2012,5
841,55577,NE,31,21,True,10,52,2012,5
842,55578,SF,45,3,True,42,48,2012,5
843,55579,NO,31,24,True,7,55,2012,5
844,55580,NYJ,17,23,False,6,40,2012,5
845,55581,TEN,26,23,True,3,49,2012,6
846,55582,ATL,23,20,True,3,43,2012,6
847,55588,TB,38,10,True,28,48,2012,6
848,55586,NYJ,35,9,True,26,44,2012,6
849,55584,CLE,34,24,True,10,58,2012,6
850,55587,PHI,23,26,False,3,49,2012,6
851,55585,MIA,17,14,True,3,31,2012,6
852,55583,BAL,31,29,True,2,60,2012,6
853,55589,ARI,16,19,False,3,35,2012,6
854,55590,SEA,24,23,True,1,47,2012,6
855,55591,SF,3,26,False,23,29,2012,6
856,55592,WAS,38,26,True,12,64,2012,6
857,55593,HOU,24,42,False,18,66,2012,6
858,55594,SD,24,35,False,11,59,2012,6
859,55595,SF,13,6,True,7,19,2012,7
860,55601,NYG,27,23,True,4,50,2012,7
861,55600,MIN,21,14,True,7,35,2012,7
862,55597,CAR,14,19,False,5,33,2012,7
863,55603,TB,28,35,False,7,63,2012,7
864,55602,STL,20,30,False,10,50,2012,7
865,55598,HOU,43,13,True,30,56,2012,7
866,55599,IND,17,13,True,4,30,2012,7
867,55596,BUF,34,35,False,1,69,2012,7
868,55604,NE,29,26,True,3,55,2012,7
869,55605,OAK,26,23,True,3,49,2012,7
870,55606,CIN,17,24,False,7,41,2012,7
871,55607,CHI,13,7,True,6,20,2012,7
872,55608,MIN,17,36,False,19,53,2012,8
873,55612,GB,24,15,True,9,39,2012,8
874,55613,NYJ,9,30,False,21,39,2012,8
875,55610,CLE,7,6,True,1,13,2012,8
876,55617,TEN,13,19,False,6,32,2012,8
877,55616,STL,7,45,False,38,52,2012,8
878,55614,PHI,17,30,False,13,47,2012,8
879,55609,CHI,23,22,True,1,45,2012,8
880,55611,DET,28,24,True,4,52,2012,8
881,55615,PIT,27,12,True,15,39,2012,8
882,55618,KC,16,26,False,10,42,2012,8
883,55619,DAL,24,29,False,5,53,2012,8
884,55620,DEN,34,14,True,20,48,2012,8
885,55621,ARI,3,24,False,21,27,2012,8
886,55622,SD,31,13,True,18,44,2012,9
887,55630,WAS,13,21,False,8,34,2012,9
888,55625,GB,31,17,True,14,48,2012,9
889,55628,JAC,14,31,False,17,45,2012,9
890,55629,TEN,20,51,False,31,71,2012,9
891,55623,CIN,23,31,False,8,54,2012,9
892,55624,CLE,15,25,False,10,40,2012,9
893,55626,HOU,21,9,True,12,30,2012,9
894,55627,IND,23,20,True,3,43,2012,9
895,55632,SEA,30,20,True,10,50,2012,9
896,55631,OAK,32,42,False,10,74,2012,9
897,55633,NYG,20,24,False,4,44,2012,9
898,55634,ATL,19,13,True,6,32,2012,9
899,55635,NO,28,13,True,15,41,2012,9
900,55636,JAC,10,27,False,17,37,2012,10
901,55638,CAR,14,36,False,22,50,2012,10
902,55644,TB,34,24,True,10,58,2012,10
903,55640,MIA,3,37,False,34,40,2012,10
904,55642,NE,37,31,True,6,68,2012,10
905,55637,BAL,55,20,True,35,75,2012,10
906,55639,CIN,31,13,True,18,44,2012,10
907,55643,NO,31,27,True,4,58,2012,10
908,55641,MIN,34,24,True,10,58,2012,10
909,55645,SEA,28,7,True,21,35,2012,10
910,55646,PHI,23,38,False,15,61,2012,10
911,55647,SF,24,24,False,0,48,2012,10
912,55648,CHI,6,13,False,7,19,2012,10
913,55649,PIT,16,13,True,3,29,2012,10
914,55650,BUF,19,14,True,5,33,2012,11
915,55659,WAS,31,6,True,25,37,2012,11
916,55654,DET,20,24,False,4,44,2012,11
917,55651,ATL,23,19,True,4,42,2012,11
918,55652,CAR,21,27,False,6,48,2012,11
919,55653,DAL,23,20,True,3,43,2012,11
920,55658,STL,13,27,False,14,40,2012,11
921,55657,NE,59,24,True,35,83,2012,11
922,55655,HOU,43,37,True,6,80,2012,11
923,55656,KC,6,28,False,22,34,2012,11
924,55660,OAK,17,38,False,21,55,2012,11
925,55661,DEN,30,23,True,7,53,2012,11
926,55662,PIT,10,13,False,3,23,2012,11
927,55663,SF,32,7,True,25,39,2012,11
928,55664,DET,31,34,False,3,65,2012,12
929,55665,DAL,31,38,False,7,69,2012,12
930,55666,NYJ,19,49,False,30,68,2012,12
931,55668,CIN,34,10,True,24,44,2012,12
932,55669,CLE,20,14,True,6,34,2012,12
933,55670,IND,20,13,True,7,33,2012,12
934,55671,JAC,24,19,True,5,43,2012,12
935,55672,KC,9,17,False,8,26,2012,12
936,55667,CHI,28,10,True,18,38,2012,12
937,55674,TB,23,24,False,1,47,2012,12
938,55673,MIA,24,21,True,3,45,2012,12
939,55675,SD,13,16,False,3,29,2012,12
940,55677,NO,21,31,False,10,52,2012,12
941,55676,ARI,17,31,False,14,48,2012,12
942,55678,NYG,38,10,True,28,48,2012,12
943,55679,PHI,22,30,False,8,52,2012,12
944,55680,ATL,23,13,True,10,36,2012,13
945,55682,CHI,17,23,False,6,40,2012,13
946,55684,GB,23,14,True,9,37,2012,13
947,55688,STL,16,13,True,3,29,2012,13
948,55687,NYJ,7,6,True,1,13,2012,13
949,55685,KC,27,21,True,6,48,2012,13
950,55683,DET,33,35,False,2,68,2012,13
951,55681,BUF,34,18,True,16,52,2012,13
952,55686,MIA,16,23,False,7,39,2012,13
953,55689,TEN,10,24,False,14,34,2012,13
954,55690,DEN,31,23,True,8,54,2012,13
955,55691,BAL,20,23,False,3,43,2012,13
956,55692,OAK,17,20,False,3,37,2012,13
957,55693,SD,13,20,False,7,33,2012,13
958,55694,DAL,38,33,True,5,71,2012,13
959,55695,WAS,17,16,True,1,33,2012,13
960,55696,OAK,13,26,False,13,39,2012,14
961,55706,WAS,31,28,True,3,59,2012,14
962,55700,CLE,30,7,True,23,37,2012,14
963,55704,PIT,24,34,False,10,58,2012,14
964,55701,IND,27,23,True,4,50,2012,14
965,55702,JAC,10,17,False,7,27,2012,14
966,55703,MIN,21,14,True,7,35,2012,14
967,55698,CAR,30,20,True,10,50,2012,14
968,55705,TB,21,23,False,2,44,2012,14
969,55697,BUF,12,15,False,3,27,2012,14
970,55699,CIN,19,20,False,1,39,2012,14
971,55707,SF,27,13,True,14,40,2012,14
972,55708,NYG,52,27,True,25,79,2012,14
973,55709,SEA,58,0,True,58,58,2012,14
974,55710,GB,27,20,True,7,47,2012,14
975,55711,NE,42,14,True,28,56,2012,14
976,55712,PHI,13,34,False,21,47,2012,15
977,55715,CHI,13,21,False,8,34,2012,15
978,55713,ATL,34,0,True,34,34,2012,15
979,55719,NO,41,0,True,41,41,2012,15
980,55720,STL,22,36,False,14,58,2012,15
981,55716,CLE,21,38,False,17,59,2012,15
982,55718,MIA,24,3,True,21,27,2012,15
983,55714,BAL,17,34,False,17,51,2012,15
984,55717,HOU,29,17,True,12,46,2012,15
985,55721,ARI,38,10,True,28,48,2012,15
986,55723,SD,7,31,False,24,38,2012,15
987,55722,BUF,17,50,False,33,67,2012,15
988,55724,DAL,27,24,True,3,51,2012,15
989,55725,OAK,15,0,True,15,15,2012,15
990,55726,NE,34,41,False,7,75,2012,15
991,55727,TEN,14,10,True,4,24,2012,15
992,55728,DET,18,31,False,13,49,2012,16
993,55732,GB,55,7,True,48,62,2012,16
994,55730,CAR,17,6,True,11,23,2012,16
995,55736,MIA,24,10,True,14,34,2012,16
996,55738,PIT,10,13,False,3,23,2012,16
997,55734,JAC,16,23,False,7,39,2012,16
998,55735,KC,13,20,False,7,33,2012,16
999,55731,DAL,31,34,False,3,65,2012,16
1000,55737,PHI,20,27,False,7,47,2012,16
1001,55739,TB,13,28,False,15,41,2012,16
1002,55729,BAL,33,14,True,19,47,2012,16
1003,55733,HOU,6,23,False,17,29,2012,16
1004,55740,DEN,34,12,True,22,46,2012,16
1005,55741,ARI,13,28,False,15,41,2012,16
1006,55742,SEA,42,13,True,29,55,2012,16
1007,55743,NYJ,17,27,False,10,44,2012,16
1008,55745,BUF,28,9,True,19,37,2012,17
1009,55750,NE,28,0,True,28,28,2012,17
1010,55746,CIN,23,17,True,6,40,2012,17
1011,55753,PIT,24,10,True,14,34,2012,17
1012,55748,IND,28,16,True,12,44,2012,17
1013,55754,TEN,38,20,True,18,58,2012,17
1014,55752,NYG,42,7,True,35,49,2012,17
1015,55755,WAS,28,18,True,10,46,2012,17
1016,55747,DET,24,26,False,2,50,2012,17
1017,55749,MIN,37,34,True,3,71,2012,17
1018,55744,ATL,17,22,False,5,39,2012,17
1019,55751,NO,38,44,False,6,82,2012,17
1020,55756,DEN,38,3,True,35,41,2012,17
1021,55757,SD,24,21,True,3,45,2012,17
1022,55758,SF,27,13,True,14,40,2012,17
1023,55759,SEA,20,13,True,7,33,2012,17
1024,55837,DEN,49,27,True,22,76,2013,1
1025,55838,BUF,21,23,False,2,44,2013,1
1026,55839,CAR,7,12,False,5,19,2013,1
1027,55840,CHI,24,21,True,3,45,2013,1
1028,55841,CLE,10,23,False,13,33,2013,1
1029,55842,DET,34,24,True,10,58,2013,1
1030,55843,IND,21,17,True,4,38,2013,1
1031,55844,JAC,2,28,False,26,30,2013,1
1032,55846,NYJ,18,17,True,1,35,2013,1
1033,55845,NO,23,17,True,6,40,2013,1
1034,55847,PIT,9,16,False,7,25,2013,1
1035,55848,STL,27,24,True,3,51,2013,1
1036,55849,SF,34,28,True,6,62,2013,1
1037,55850,DAL,36,31,True,5,67,2013,1
1038,55851,WAS,27,33,False,6,60,2013,1
1039,55852,SD,28,31,False,3,59,2013,1
1040,55853,NE,13,10,True,3,23,2013,2
1041,55854,ATL,31,24,True,7,55,2013,2
1042,55855,BAL,14,6,True,8,20,2013,2
1043,55856,BUF,24,23,True,1,47,2013,2
1044,55857,CHI,31,30,True,1,61,2013,2
1045,55858,GB,38,20,True,18,58,2013,2
1046,55859,HOU,30,24,True,6,54,2013,2
1047,55860,IND,20,24,False,4,44,2013,2
1048,55861,KC,17,16,True,1,33,2013,2
1049,55862,PHI,30,33,False,3,63,2013,2
1050,55863,ARI,25,21,True,4,46,2013,2
1051,55864,TB,14,16,False,2,30,2013,2
1052,55865,NYG,23,41,False,18,64,2013,2
1053,55866,OAK,19,9,True,10,28,2013,2
1054,55867,SEA,29,3,True,26,32,2013,2
1055,55868,CIN,20,10,True,10,30,2013,2
1056,55869,PHI,16,26,False,10,42,2013,3
1057,55870,BAL,30,9,True,21,39,2013,3
1058,55871,CIN,34,30,True,4,64,2013,3
1059,55873,DAL,31,7,True,24,38,2013,3
1060,55879,MIA,27,23,True,4,50,2013,3
1061,55874,MIN,27,31,False,4,58,2013,3
1062,55880,NYJ,27,20,True,7,47,2013,3
1063,55875,NE,23,3,True,20,26,2013,3
1064,55876,NO,31,7,True,24,38,2013,3
1065,55877,TEN,20,17,True,3,37,2013,3
1066,55878,WAS,20,27,False,7,47,2013,3
1067,55872,CAR,38,0,True,38,38,2013,3
1068,55881,SF,7,27,False,20,34,2013,3
1069,55882,SEA,45,17,True,28,62,2013,3
1070,55883,PIT,23,40,False,17,63,2013,3
1071,55884,DEN,37,21,True,16,58,2013,3
1072,55885,STL,11,35,False,24,46,2013,4
1073,55886,BUF,23,20,True,3,43,2013,4
1074,55887,CLE,17,6,True,11,23,2013,4
1075,55888,DET,40,32,True,8,72,2013,4
1076,55889,HOU,20,23,False,3,43,2013,4
1077,55890,JAC,3,37,False,34,40,2013,4
1078,55891,KC,31,7,True,24,38,2013,4
1079,55892,MIN,34,27,True,7,61,2013,4
1080,55893,TB,10,13,False,3,23,2013,4
1081,55894,TEN,38,13,True,25,51,2013,4
1082,55895,DEN,52,20,True,32,72,2013,4
1083,55896,OAK,14,24,False,10,38,2013,4
1084,55897,SD,30,21,True,9,51,2013,4
1085,55898,ATL,23,30,False,7,53,2013,4
1086,55899,NO,38,17,True,21,55,2013,4
1087,55900,CLE,37,24,True,13,61,2013,5
1088,55901,CHI,18,26,False,8,44,2013,5
1089,55902,CIN,13,6,True,7,19,2013,5
1090,55903,GB,22,9,True,13,31,2013,5
1091,55904,IND,34,28,True,6,62,2013,5
1092,55905,MIA,23,26,False,3,49,2013,5
1093,55906,NYG,21,36,False,15,57,2013,5
1094,55907,STL,34,20,True,14,54,2013,5
1095,55908,TEN,17,26,False,9,43,2013,5
1096,55909,ARI,22,6,True,16,28,2013,5
1097,55910,DAL,48,51,False,3,99,2013,5
1098,55911,OAK,27,17,True,10,44,2013,5
1099,55912,SF,34,3,True,31,37,2013,5
1100,55913,ATL,28,30,False,2,58,2013,5
1101,55914,CHI,27,21,True,6,48,2013,6
1102,55915,BAL,17,19,False,2,36,2013,6
1103,55916,BUF,24,27,False,3,51,2013,6
1104,55917,CLE,17,31,False,14,48,2013,6
1105,55918,HOU,13,38,False,25,51,2013,6
1106,55919,KC,24,7,True,17,31,2013,6
1107,55920,MIN,10,35,False,25,45,2013,6
1108,55921,NYJ,6,19,False,13,25,2013,6
1109,55922,TB,20,31,False,11,51,2013,6
1110,55923,DEN,35,19,True,16,54,2013,6
1111,55924,SEA,20,13,True,7,33,2013,6
1112,55925,NE,30,27,True,3,57,2013,6
1113,55926,SF,32,20,True,12,52,2013,6
1114,55927,DAL,31,16,True,15,47,2013,6
1115,55928,SD,19,9,True,10,28,2013,6
1116,55929,ARI,22,34,False,12,56,2013,7
1117,55930,ATL,31,23,True,8,54,2013,7
1118,55931,CAR,30,15,True,15,45,2013,7
1119,55932,DET,24,27,False,3,51,2013,7
1120,55940,GB,31,13,True,18,44,2013,7
1121,55933,JAC,6,24,False,18,30,2013,7
1122,55934,KC,17,16,True,1,33,2013,7
1123,55935,MIA,21,23,False,2,44,2013,7
1124,55936,NYJ,30,27,True,3,57,2013,7
1125,55937,PHI,3,17,False,14,20,2013,7
1126,55938,WAS,45,41,True,4,86,2013,7
1127,55939,TEN,17,31,False,14,48,2013,7
1128,55941,PIT,19,16,True,3,35,2013,7
1129,55942,IND,39,33,True,6,72,2013,7
1130,55943,NYG,23,7,True,16,30,2013,7
1131,55944,TB,13,31,False,18,44,2013,8
1132,55945,DET,31,30,True,1,61,2013,8
1133,55946,JAC,10,42,False,32,52,2013,8
1134,55947,KC,23,17,True,6,40,2013,8
1135,55948,NE,27,17,True,10,44,2013,8
1136,55949,NO,35,17,True,18,52,2013,8
1137,55950,PHI,7,15,False,8,22,2013,8
1138,55951,OAK,21,18,True,3,39,2013,8
1139,55952,CIN,49,9,True,40,58,2013,8
1140,55953,ARI,27,13,True,14,40,2013,8
1141,55954,DEN,45,21,True,24,66,2013,8
1142,55955,MIN,31,44,False,13,75,2013,8
1143,55956,STL,9,14,False,5,23,2013,8
1144,55957,MIA,22,20,True,2,42,2013,9
1145,55958,BUF,13,23,False,10,36,2013,9
1146,55959,CAR,34,10,True,24,44,2013,9
1147,55960,DAL,27,23,True,4,50,2013,9
1148,55961,NYJ,26,20,True,6,46,2013,9
1149,55962,STL,21,28,False,7,49,2013,9
1150,55963,WAS,30,24,True,6,54,2013,9
1151,55964,OAK,20,49,False,29,69,2013,9
1152,55965,SEA,27,24,True,3,51,2013,9
1153,55966,CLE,24,18,True,6,42,2013,9
1154,55967,NE,55,31,True,24,86,2013,9
1155,55968,HOU,24,27,False,3,51,2013,9
1156,55969,GB,20,27,False,7,47,2013,9
1157,55970,MIN,34,27,True,7,61,2013,10
1158,55971,ATL,10,33,False,23,43,2013,10
1159,55972,BAL,20,17,True,3,37,2013,10
1160,55973,CHI,19,21,False,2,40,2013,10
1161,55974,GB,13,27,False,14,40,2013,10
1162,55975,IND,8,38,False,30,46,2013,10
1163,55976,NYG,24,20,True,4,44,2013,10
1164,55977,PIT,23,10,True,13,33,2013,10
1165,55978,TEN,27,29,False,2,56,2013,10
1166,55979,SF,9,10,False,1,19,2013,10
1167,55980,ARI,27,24,True,3,51,2013,10
1168,55981,SD,20,28,False,8,48,2013,10
1169,55982,NO,49,17,True,32,66,2013,10
1170,55983,TB,22,19,True,3,41,2013,10
1171,55984,TEN,27,30,False,3,57,2013,11
1172,55985,BUF,37,14,True,23,51,2013,11
1173,55986,CHI,23,20,True,3,43,2013,11
1174,55987,CIN,41,20,True,21,61,2013,11
1175,55988,HOU,23,28,False,5,51,2013,11
1176,55989,JAC,14,27,False,13,41,2013,11
1177,55990,MIA,20,16,True,4,36,2013,11
1178,55991,PHI,24,16,True,8,40,2013,11
1179,55992,PIT,37,27,True,10,64,2013,11
1180,55993,TB,41,28,True,13,69,2013,11
1181,55994,DEN,27,17,True,10,44,2013,11
1182,55995,NO,23,20,True,3,43,2013,11
1183,55996,SEA,41,20,True,21,61,2013,11
1184,55997,NYG,27,13,True,14,40,2013,11
1185,55998,CAR,24,20,True,4,44,2013,11
1186,55999,ATL,13,17,False,4,30,2013,12
1187,56000,BAL,19,3,True,16,22,2013,12
1188,56001,CLE,11,27,False,16,38,2013,12
1189,56002,DET,21,24,False,3,45,2013,12
1190,56003,GB,26,26,False,0,52,2013,12
1191,56004,HOU,6,13,False,7,19,2013,12
1192,56005,KC,38,41,False,3,79,2013,12
1193,56006,MIA,16,20,False,4,36,2013,12
1194,56007,STL,42,21,True,21,63,2013,12
1195,56008,ARI,40,11,True,29,51,2013,12
1196,56009,OAK,19,23,False,4,42,2013,12
1197,56010,NYG,21,24,False,3,45,2013,12
1198,56011,NE,34,31,True,3,65,2013,12
1199,56012,WAS,6,27,False,21,33,2013,12
1200,56013,DET,40,10,True,30,50,2013,13
1201,56014,DAL,31,24,True,7,55,2013,13
1202,56015,BAL,22,20,True,2,42,2013,13
1203,56016,CAR,27,6,True,21,33,2013,13
1204,56017,CLE,28,32,False,4,60,2013,13
1205,56018,IND,22,14,True,8,36,2013,13
1206,56019,KC,28,35,False,7,63,2013,13
1207,56020,MIN,23,20,True,3,43,2013,13
1208,56021,NYJ,3,23,False,20,26,2013,13
1209,56022,PHI,24,21,True,3,45,2013,13
1210,56023,BUF,31,34,False,3,65,2013,13
1211,56024,SF,23,13,True,10,36,2013,13
1212,56025,HOU,31,34,False,3,65,2013,13
1213,56026,SD,10,17,False,7,27,2013,13
1214,56027,WAS,17,24,False,7,41,2013,13
1215,56028,SEA,34,7,True,27,41,2013,13
1216,56029,JAC,27,20,True,7,47,2013,14
1217,56030,BAL,29,26,True,3,55,2013,14
1218,56031,CIN,42,28,True,14,70,2013,14
1219,56032,NE,27,26,True,1,53,2013,14
1220,56033,NYJ,37,27,True,10,64,2013,14
1221,56034,NO,31,13,True,18,44,2013,14
1222,56035,PHI,34,20,True,14,54,2013,14
1223,56036,PIT,28,34,False,6,62,2013,14
1224,56037,TB,27,6,True,21,33,2013,14
1225,56038,WAS,10,45,False,35,55,2013,14
1226,56039,DEN,51,28,True,23,79,2013,14
1227,56040,ARI,30,10,True,20,40,2013,14
1228,56041,SD,37,14,True,23,51,2013,14
1229,56042,SF,19,17,True,2,36,2013,14
1230,56043,GB,22,21,True,1,43,2013,14
1231,56044,CHI,45,28,True,17,73,2013,14
1232,56045,DEN,20,27,False,7,47,2013,15
1233,56046,ATL,27,26,True,1,53,2013,15
1234,56047,CLE,31,38,False,7,69,2013,15
1235,56048,IND,25,3,True,22,28,2013,15
1236,56049,JAC,20,27,False,7,47,2013,15
1237,56050,MIA,24,20,True,4,44,2013,15
1238,56051,MIN,48,30,True,18,78,2013,15
1239,56052,NYG,0,23,False,23,23,2013,15
1240,56053,STL,27,16,True,11,43,2013,15
1241,56054,TB,14,33,False,19,47,2013,15
1242,56055,TEN,34,37,False,3,71,2013,15
1243,56056,CAR,30,20,True,10,50,2013,15
1244,56057,OAK,31,56,False,25,87,2013,15
1245,56058,DAL,36,37,False,1,73,2013,15
1246,56059,PIT,30,20,True,10,50,2013,15
1247,56060,DET,16,18,False,2,34,2013,15
1248,56061,BUF,19,0,True,19,19,2013,16
1249,56062,CAR,17,13,True,4,30,2013,16
1250,56063,CIN,42,14,True,28,56,2013,16
1251,56064,HOU,13,37,False,24,50,2013,16
1252,56065,JAC,16,20,False,4,36,2013,16
1253,56066,KC,7,23,False,16,30,2013,16
1254,56067,NYJ,24,13,True,11,37,2013,16
1255,56068,PHI,54,11,True,43,65,2013,16
1256,56069,STL,23,13,True,10,36,2013,16
1257,56070,WAS,23,24,False,1,47,2013,16
1258,56071,DET,20,23,False,3,43,2013,16
1259,56072,SEA,10,17,False,7,27,2013,16
1260,56073,GB,31,38,False,7,69,2013,16
1261,56074,SD,26,13,True,13,39,2013,16
1262,56075,BAL,7,41,False,34,48,2013,16
1263,56076,SF,34,24,True,10,58,2013,16
1264,56077,ATL,20,21,False,1,41,2013,17
1265,56078,CHI,28,33,False,5,61,2013,17
1266,56079,CIN,34,17,True,17,51,2013,17
1267,56080,DAL,22,24,False,2,46,2013,17
1268,56081,IND,30,10,True,20,40,2013,17
1269,56082,MIA,7,20,False,13,27,2013,17
1270,56083,MIN,14,13,True,1,27,2013,17
1271,56084,NE,34,20,True,14,54,2013,17
1272,56085,NO,42,17,True,25,59,2013,17
1273,56086,NYG,20,6,True,14,26,2013,17
1274,56087,PIT,20,7,True,13,27,2013,17
1275,56088,TEN,16,10,True,6,26,2013,17
1276,56089,ARI,20,23,False,3,43,2013,17
1277,56090,OAK,14,34,False,20,48,2013,17
1278,56091,SD,27,24,True,3,51,2013,17
1279,56092,SEA,27,9,True,18,36,2013,17
1280,56170,SEA,36,16,True,20,52,2014,1
1281,56171,ATL,37,34,True,3,71,2014,1
1282,56172,BAL,16,23,False,7,39,2014,1
1283,56173,CHI,20,23,False,3,43,2014,1
1284,56174,HOU,17,6,True,11,23,2014,1
1285,56175,KC,10,26,False,16,36,2014,1
1286,56176,MIA,33,20,True,13,53,2014,1
1287,56177,NYJ,19,14,True,5,33,2014,1
1288,56178,PHI,34,17,True,17,51,2014,1
1289,56179,PIT,30,27,True,3,57,2014,1
1290,56180,STL,6,34,False,28,40,2014,1
1291,56181,DAL,17,28,False,11,45,2014,1
1292,56182,TB,14,20,False,6,34,2014,1
1293,56183,DEN,31,24,True,7,55,2014,1
1294,56184,DET,35,14,True,21,49,2014,1
1295,56185,ARI,18,17,True,1,35,2014,1
1296,56186,BAL,26,6,True,20,32,2014,2
1297,56187,BUF,29,10,True,19,39,2014,2
1298,56188,CAR,24,7,True,17,31,2014,2
1299,56189,CIN,24,10,True,14,34,2014,2
1300,56190,CLE,26,24,True,2,50,2014,2
1301,56191,MIN,7,30,False,23,37,2014,2
1302,56192,NYG,14,25,False,11,39,2014,2
1303,56193,TEN,10,26,False,16,36,2014,2
1304,56194,WAS,41,10,True,31,51,2014,2
1305,56195,SD,30,21,True,9,51,2014,2
1306,56196,TB,17,19,False,2,36,2014,2
1307,56197,DEN,24,17,True,7,41,2014,2
1308,56198,GB,31,24,True,7,55,2014,2
1309,56199,OAK,14,30,False,16,44,2014,2
1310,56200,SF,20,28,False,8,48,2014,2
1311,56201,IND,27,30,False,3,57,2014,2
1312,56202,ATL,56,14,True,42,70,2014,3
1313,56203,BUF,10,22,False,12,32,2014,3
1314,56204,CIN,33,7,True,26,40,2014,3
1315,56205,CLE,21,23,False,2,44,2014,3
1316,56206,DET,19,7,True,12,26,2014,3
1317,56207,JAC,17,44,False,27,61,2014,3
1318,56208,NE,16,9,True,7,25,2014,3
1319,56209,NO,20,9,True,11,29,2014,3
1320,56210,NYG,30,17,True,13,47,2014,3
1321,56211,PHI,37,34,True,3,71,2014,3
1322,56212,STL,31,34,False,3,65,2014,3
1323,56213,ARI,23,14,True,9,37,2014,3
1324,56214,MIA,15,34,False,19,49,2014,3
1325,56215,SEA,26,20,True,6,46,2014,3
1326,56216,CAR,19,37,False,18,56,2014,3
1327,56217,NYJ,19,27,False,8,46,2014,3
1328,56218,WAS,14,45,False,31,59,2014,4
1329,56219,BAL,38,10,True,28,48,2014,4
1330,56220,CHI,17,38,False,21,55,2014,4
1331,56221,HOU,23,17,True,6,40,2014,4
1332,56222,IND,41,17,True,24,58,2014,4
1333,56227,MIN,41,28,True,13,69,2014,4
1334,56223,NYJ,17,24,False,7,41,2014,4
1335,56224,OAK,14,38,False,24,52,2014,4
1336,56225,PIT,24,27,False,3,51,2014,4
1337,56226,SD,33,14,True,19,47,2014,4
1338,56228,SF,26,21,True,5,47,2014,4
1339,56229,DAL,38,17,True,21,55,2014,4
1340,56230,KC,41,14,True,27,55,2014,4
1341,56231,GB,42,10,True,32,52,2014,5
1342,56232,CAR,31,24,True,7,55,2014,5
1343,56233,DAL,20,17,True,3,37,2014,5
1344,56234,DET,14,17,False,3,31,2014,5
1345,56235,IND,20,13,True,7,33,2014,5
1346,56236,JAC,9,17,False,8,26,2014,5
1347,56237,NO,37,31,True,6,68,2014,5
1348,56238,NYG,30,20,True,10,50,2014,5
1349,56239,PHI,34,28,True,6,62,2014,5
1350,56240,TEN,28,29,False,1,57,2014,5
1351,56241,DEN,41,20,True,21,61,2014,5
1352,56242,SD,31,0,True,31,31,2014,5
1353,56243,SF,22,17,True,5,39,2014,5
1354,56244,NE,43,17,True,26,60,2014,5
1355,56245,WAS,17,27,False,10,44,2014,5
1356,56246,HOU,28,33,False,5,61,2014,6
1357,56247,ATL,13,27,False,14,40,2014,6
1358,56248,BUF,22,37,False,15,59,2014,6
1359,56249,CIN,37,37,False,0,74,2014,6
1360,56250,CLE,31,10,True,21,41,2014,6
1361,56251,MIA,24,27,False,3,51,2014,6
1362,56252,MIN,3,17,False,14,20,2014,6
1363,56253,NYJ,17,31,False,14,48,2014,6
1364,56254,TB,17,48,False,31,65,2014,6
1365,56255,TEN,16,14,True,2,30,2014,6
1366,56256,OAK,28,31,False,3,59,2014,6
1367,56257,ARI,30,20,True,10,50,2014,6
1368,56258,SEA,23,30,False,7,53,2014,6
1369,56259,PHI,27,0,True,27,27,2014,6
1370,56260,STL,17,31,False,14,48,2014,6
1371,56261,NE,27,25,True,2,52,2014,7
1372,56262,BAL,29,7,True,22,36,2014,7
1373,56263,BUF,17,16,True,1,33,2014,7
1374,56264,CHI,14,27,False,13,41,2014,7
1375,56265,DET,24,23,True,1,47,2014,7
1376,56266,GB,38,17,True,21,55,2014,7
1377,56267,IND,27,0,True,27,27,2014,7
1378,56268,JAC,24,6,True,18,30,2014,7
1379,56269,STL,28,26,True,2,54,2014,7
1380,56270,WAS,19,17,True,2,36,2014,7
1381,56271,SD,20,23,False,3,43,2014,7
1382,56272,DAL,31,21,True,10,52,2014,7
1383,56273,OAK,13,24,False,11,37,2014,7
1384,56274,DEN,42,17,True,25,59,2014,7
1385,56275,PIT,30,23,True,7,53,2014,7
1386,56276,DEN,35,21,True,14,56,2014,8
1387,56277,ATL,21,22,False,1,43,2014,8
1388,56278,CAR,9,13,False,4,22,2014,8
1389,56279,CIN,27,24,True,3,51,2014,8
1390,56280,JAC,13,27,False,14,40,2014,8
1391,56281,KC,34,7,True,27,41,2014,8
1392,56282,NE,51,23,True,28,74,2014,8
1393,56283,NYJ,23,43,False,20,66,2014,8
1394,56284,TB,13,19,False,6,32,2014,8
1395,56285,TEN,16,30,False,14,46,2014,8
1396,56286,ARI,24,20,True,4,44,2014,8
1397,56287,CLE,23,13,True,10,36,2014,8
1398,56288,PIT,51,34,True,17,85,2014,8
1399,56289,NO,44,23,True,21,67,2014,8
1400,56290,DAL,17,20,False,3,37,2014,8
1401,56291,CAR,10,28,False,18,38,2014,9
1402,56292,CIN,33,23,True,10,56,2014,9
1403,56293,CLE,22,17,True,5,39,2014,9
1404,56294,DAL,17,28,False,11,45,2014,9
1405,56295,HOU,21,31,False,10,52,2014,9
1406,56296,KC,24,10,True,14,34,2014,9
1407,56297,MIA,37,0,True,37,37,2014,9
1408,56298,MIN,29,26,True,3,55,2014,9
1409,56299,SF,10,13,False,3,23,2014,9
1410,56300,NE,43,21,True,22,64,2014,9
1411,56301,SEA,30,24,True,6,54,2014,9
1412,56302,PIT,43,23,True,20,66,2014,9
1413,56303,NYG,24,40,False,16,64,2014,9
1414,56304,CIN,3,24,False,21,27,2014,10
1415,56305,BAL,21,7,True,14,28,2014,10
1416,56306,BUF,13,17,False,4,30,2014,10
1417,56307,DET,20,16,True,4,36,2014,10
1418,56308,JAC,17,31,False,14,48,2014,10
1419,56309,NO,24,27,False,3,51,2014,10
1420,56310,NYJ,20,13,True,7,33,2014,10
1421,56311,TB,17,27,False,10,44,2014,10
1422,56312,OAK,17,41,False,24,58,2014,10
1423,56313,ARI,31,14,True,17,45,2014,10
1424,56314,SEA,38,17,True,21,55,2014,10
1425,56315,GB,55,14,True,41,69,2014,10
1426,56316,PHI,45,21,True,24,66,2014,10
1427,56317,MIA,22,9,True,13,31,2014,11
1428,56318,CAR,17,19,False,2,36,2014,11
1429,56319,CHI,21,13,True,8,34,2014,11
1430,56320,CLE,7,23,False,16,30,2014,11
1431,56321,GB,53,20,True,33,73,2014,11
1432,56322,KC,24,20,True,4,44,2014,11
1433,56323,NO,10,27,False,17,37,2014,11
1434,56324,NYG,10,16,False,6,26,2014,11
1435,56325,STL,22,7,True,15,29,2014,11
1436,56326,WAS,7,27,False,20,34,2014,11
1437,56327,SD,13,6,True,7,19,2014,11
1438,56328,ARI,14,6,True,8,20,2014,11
1439,56329,IND,20,42,False,22,62,2014,11
1440,56330,TEN,24,27,False,3,51,2014,11
1441,56331,OAK,24,20,True,4,44,2014,12
1442,56332,ATL,24,26,False,2,50,2014,12
1443,56333,BUF,38,3,True,35,41,2014,12
1444,56334,CHI,21,13,True,8,34,2014,12
1445,56335,HOU,13,22,False,9,35,2014,12
1446,56336,IND,23,3,True,20,26,2014,12
1447,56337,MIN,21,24,False,3,45,2014,12
1448,56338,NE,34,9,True,25,43,2014,12
1449,56339,PHI,43,24,True,19,67,2014,12
1450,56340,SD,27,24,True,3,51,2014,12
1451,56341,SEA,19,3,True,16,22,2014,12
1452,56342,DEN,39,36,True,3,75,2014,12
1453,56343,SF,17,13,True,4,30,2014,12
1454,56344,NYG,28,31,False,3,59,2014,12
1455,56345,NO,27,34,False,7,61,2014,12
1456,56346,DET,34,17,True,17,51,2014,13
1457,56347,DAL,10,33,False,23,43,2014,13
1458,56348,SF,3,19,False,16,22,2014,13
1459,56349,BAL,33,34,False,1,67,2014,13
1460,56350,BUF,26,10,True,16,36,2014,13
1461,56351,HOU,45,21,True,24,66,2014,13
1462,56352,IND,49,27,True,22,76,2014,13
1463,56353,JAC,25,24,True,1,49,2014,13
1464,56354,MIN,31,13,True,18,44,2014,13
1465,56355,PIT,32,35,False,3,67,2014,13
1466,56356,STL,52,0,True,52,52,2014,13
1467,56357,TB,13,14,False,1,27,2014,13
1468,56358,ATL,29,18,True,11,47,2014,13
1469,56359,GB,26,21,True,5,47,2014,13
1470,56360,KC,16,29,False,13,45,2014,13
1471,56361,NYJ,13,16,False,3,29,2014,13
1472,56362,CHI,28,41,False,13,69,2014,14
1473,56363,CIN,21,42,False,21,63,2014,14
1474,56364,CLE,24,25,False,1,49,2014,14
1475,56365,DET,34,17,True,17,51,2014,14
1476,56366,JAC,13,27,False,14,40,2014,14
1477,56367,MIA,13,28,False,15,41,2014,14
1478,56368,MIN,30,24,True,6,54,2014,14
1479,56369,NO,10,41,False,31,51,2014,14
1480,56370,TEN,7,36,False,29,43,2014,14
1481,56371,WAS,0,24,False,24,24,2014,14
1482,56372,ARI,17,14,True,3,31,2014,14
1483,56373,DEN,24,17,True,7,41,2014,14
1484,56374,OAK,24,13,True,11,37,2014,14
1485,56375,PHI,14,24,False,10,38,2014,14
1486,56376,SD,14,23,False,9,37,2014,14
1487,56377,GB,43,37,True,6,80,2014,14
1488,56378,STL,6,12,False,6,18,2014,15
1489,56379,ATL,20,27,False,7,47,2014,15
1490,56380,BAL,20,12,True,8,32,2014,15
1491,56381,BUF,21,13,True,8,34,2014,15
1492,56382,CAR,19,17,True,2,36,2014,15
1493,56383,CLE,0,30,False,30,30,2014,15
1494,56384,DET,16,14,True,2,30,2014,15
1495,56385,IND,17,10,True,7,27,2014,15
1496,56386,KC,31,13,True,18,44,2014,15
1497,56387,NE,41,13,True,28,54,2014,15
1498,56388,NYG,24,13,True,11,37,2014,15
1499,56389,SD,10,22,False,12,32,2014,15
1500,56390,TEN,11,16,False,5,27,2014,15
1501,56391,SEA,17,7,True,10,24,2014,15
1502,56392,PHI,27,38,False,11,65,2014,15
1503,56393,CHI,15,31,False,16,46,2014,15
1504,56394,JAC,21,13,True,8,34,2014,16
1505,56396,WAS,27,24,True,3,51,2014,16
1506,56395,SF,35,38,False,3,73,2014,16
1507,56397,CAR,17,13,True,4,30,2014,16
1508,56398,CHI,14,20,False,6,34,2014,16
1509,56399,HOU,25,13,True,12,38,2014,16
1510,56400,MIA,37,35,True,2,72,2014,16
1511,56401,NO,14,30,False,16,44,2014,16
1512,56402,NYJ,16,17,False,1,33,2014,16
1513,56403,PIT,20,12,True,8,32,2014,16
1514,56404,TB,3,20,False,17,23,2014,16
1515,56405,STL,27,37,False,10,64,2014,16
1516,56406,DAL,42,7,True,35,49,2014,16
1517,56407,OAK,26,24,True,2,50,2014,16
1518,56408,ARI,6,35,False,29,41,2014,16
1519,56409,CIN,37,28,True,9,65,2014,16
1520,56410,ATL,3,34,False,31,37,2014,17
1521,56411,BAL,20,10,True,10,30,2014,17
1522,56412,GB,30,20,True,10,50,2014,17
1523,56413,HOU,23,17,True,6,40,2014,17
1524,56414,KC,19,7,True,12,26,2014,17
1525,56415,MIA,24,37,False,13,61,2014,17
1526,56416,MIN,13,9,True,4,22,2014,17
1527,56417,NE,9,17,False,8,26,2014,17
1528,56418,NYG,26,34,False,8,60,2014,17
1529,56419,PIT,27,17,True,10,44,2014,17
1530,56420,TB,20,23,False,3,43,2014,17
1531,56421,TEN,10,27,False,17,37,2014,17
1532,56422,WAS,17,44,False,27,61,2014,17
1533,56423,DEN,47,14,True,33,61,2014,17
1534,56424,SF,20,17,True,3,37,2014,17
1535,56425,SEA,20,6,True,14,26,2014,17
1536,56503,NE,28,21,True,7,49,2015,1
1537,56505,CHI,23,31,False,8,54,2015,1
1538,56509,STL,34,31,True,3,65,2015,1
1539,56507,JAC,9,20,False,11,29,2015,1
1540,56510,WAS,10,17,False,7,27,2015,1
1541,56504,BUF,27,14,True,13,41,2015,1
1542,56508,NYJ,31,10,True,21,41,2015,1
1543,56506,HOU,20,27,False,7,47,2015,1
1544,56511,ARI,31,19,True,12,50,2015,1
1545,56512,SD,33,28,True,5,61,2015,1
1546,56513,DEN,19,13,True,6,32,2015,1
1547,56514,OAK,13,33,False,20,46,2015,1
1548,56515,TB,14,42,False,28,56,2015,1
1549,56516,DAL,27,26,True,1,53,2015,1
1550,56517,ATL,26,24,True,2,50,2015,1
1551,56518,SF,20,3,True,17,23,2015,1
1552,56519,KC,24,31,False,7,55,2015,2
1553,56521,CAR,24,17,True,7,41,2015,2
1554,56520,BUF,32,40,False,8,72,2015,2
1555,56523,CIN,24,19,True,5,43,2015,2
1556,56524,CLE,28,14,True,14,42,2015,2
1557,56527,NYG,20,24,False,4,44,2015,2
1558,56529,WAS,24,10,True,14,34,2015,2
1559,56522,CHI,23,48,False,25,71,2015,2
1560,56525,MIN,26,16,True,10,42,2015,2
1561,56526,NO,19,26,False,7,45,2015,2
1562,56528,PIT,43,18,True,25,61,2015,2
1563,56531,OAK,37,33,True,4,70,2015,2
1564,56530,JAC,23,20,True,3,43,2015,2
1565,56532,PHI,10,20,False,10,30,2015,2
1566,56533,GB,27,17,True,10,44,2015,2
1567,56534,IND,7,20,False,13,27,2015,2
1568,56535,NYG,32,21,True,11,53,2015,3
1569,56539,DAL,28,39,False,11,67,2015,3
1570,56537,CAR,27,22,True,5,49,2015,3
1571,56543,NYJ,17,24,False,7,41,2015,3
1572,56540,HOU,19,9,True,10,28,2015,3
1573,56541,MIN,31,14,True,17,45,2015,3
1574,56544,STL,6,12,False,6,18,2015,3
1575,56542,NE,51,17,True,34,68,2015,3
1576,56536,BAL,24,28,False,4,52,2015,3
1577,56538,CLE,20,27,False,7,47,2015,3
1578,56545,TEN,33,35,False,2,68,2015,3
1579,56546,ARI,47,7,True,40,54,2015,3
1580,56548,SEA,26,0,True,26,26,2015,3
1581,56547,MIA,14,41,False,27,55,2015,3
1582,56549,DET,12,24,False,12,36,2015,3
1583,56550,GB,38,28,True,10,66,2015,3
1584,56551,PIT,20,23,False,3,43,2015,4
1585,56552,MIA,14,27,False,13,41,2015,4
1586,56555,CHI,22,20,True,2,42,2015,4
1587,56553,ATL,48,21,True,27,69,2015,4
1588,56556,CIN,36,21,True,15,57,2015,4
1589,56557,IND,16,13,True,3,29,2015,4
1590,56559,WAS,23,20,True,3,43,2015,4
1591,56558,TB,23,37,False,14,60,2015,4
1592,56554,BUF,10,24,False,14,34,2015,4
1593,56560,SD,30,27,True,3,57,2015,4
1594,56563,SF,3,17,False,14,20,2015,4
1595,56561,ARI,22,24,False,2,46,2015,4
1596,56562,DEN,23,20,True,3,43,2015,4
1597,56564,NO,26,20,True,6,46,2015,4
1598,56565,SEA,13,10,True,3,23,2015,4
1599,56566,HOU,20,27,False,7,47,2015,5
1600,56572,PHI,39,17,True,22,56,2015,5
1601,56571,KC,17,18,False,1,35,2015,5
1602,56569,CIN,27,24,True,3,51,2015,5
1603,56567,ATL,25,19,True,6,44,2015,5
1604,56573,TB,38,31,True,7,69,2015,5
1605,56568,BAL,30,33,False,3,63,2015,5
1606,56574,TEN,13,14,False,1,27,2015,5
1607,56570,GB,24,10,True,14,34,2015,5
1608,56575,DET,17,42,False,25,59,2015,5
1609,56576,DAL,6,30,False,24,36,2015,5
1610,56577,OAK,10,16,False,6,26,2015,5
1611,56578,NYG,30,27,True,3,57,2015,5
1612,56579,SD,20,24,False,4,44,2015,5
1613,56580,NO,31,21,True,10,52,2015,6
1614,56583,DET,37,34,True,3,71,2015,6
1615,56586,NYJ,34,20,True,14,54,2015,6
1616,56587,PIT,25,13,True,12,38,2015,6
1617,56585,MIN,16,10,True,6,26,2015,6
1618,56581,BUF,21,34,False,13,55,2015,6
1619,56582,CLE,23,26,False,3,49,2015,6
1620,56588,TEN,10,38,False,28,48,2015,6
1621,56584,JAC,20,31,False,11,51,2015,6
1622,56589,SEA,23,27,False,4,50,2015,6
1623,56590,GB,27,20,True,7,47,2015,6
1624,56591,SF,25,20,True,5,45,2015,6
1625,56592,IND,27,34,False,7,61,2015,6
1626,56593,PHI,27,7,True,20,34,2015,6
1627,56594,SF,3,20,False,17,23,2015,7
1628,56595,JAC,34,31,True,3,65,2015,7
1629,56601,STL,24,6,True,18,30,2015,7
1630,56599,MIA,44,26,True,18,70,2015,7
1631,56600,NE,30,23,True,7,53,2015,7
1632,56598,KC,23,13,True,10,36,2015,7
1633,56603,WAS,31,30,True,1,61,2015,7
1634,56596,DET,19,28,False,9,47,2015,7
1635,56597,IND,21,27,False,6,48,2015,7
1636,56602,TEN,7,10,False,3,17,2015,7
1637,56604,SD,29,37,False,8,66,2015,7
1638,56605,NYG,27,20,True,7,47,2015,7
1639,56606,CAR,27,16,True,11,43,2015,7
1640,56607,ARI,26,18,True,8,44,2015,7
1641,56608,NE,36,7,True,29,43,2015,8
1642,56609,KC,45,10,True,35,55,2015,8
1643,56611,BAL,29,26,True,3,55,2015,8
1644,56616,PIT,10,16,False,6,26,2015,8
1645,56614,HOU,20,6,True,14,26,2015,8
1646,56612,CHI,20,23,False,3,43,2015,8
1647,56610,ATL,20,23,False,3,43,2015,8
1648,56615,NO,52,49,True,3,101,2015,8
1649,56617,STL,27,6,True,21,33,2015,8
1650,56613,CLE,20,34,False,14,54,2015,8
1651,56618,OAK,34,20,True,14,54,2015,8
1652,56619,DAL,12,13,False,1,25,2015,8
1653,56620,DEN,29,10,True,19,39,2015,8
1654,56621,CAR,29,26,True,3,55,2015,8
1655,56622,CIN,31,10,True,21,41,2015,9
1656,56625,MIN,21,18,True,3,39,2015,9
1657,56624,CAR,37,29,True,8,66,2015,9
1658,56626,NE,27,10,True,17,37,2015,9
1659,56627,NO,28,34,False,6,62,2015,9
1660,56623,BUF,33,17,True,16,50,2015,9
1661,56628,NYJ,28,23,True,5,51,2015,9
1662,56629,PIT,38,35,True,3,73,2015,9
1663,56631,TB,18,32,False,14,50,2015,9
1664,56630,SF,17,16,True,1,33,2015,9
1665,56632,IND,27,24,True,3,51,2015,9
1666,56633,DAL,27,33,False,6,60,2015,9
1667,56634,SD,19,22,False,3,41,2015,9
1668,56635,NYJ,17,22,False,5,39,2015,10
1669,56643,WAS,47,14,True,33,61,2015,10
1670,56637,GB,16,18,False,2,34,2015,10
1671,56641,TB,10,6,True,4,16,2015,10
1672,56642,TEN,10,27,False,17,37,2015,10
1673,56640,STL,13,37,False,24,50,2015,10
1674,56638,PHI,19,20,False,1,39,2015,10
1675,56636,BAL,20,22,False,2,42,2015,10
1676,56639,PIT,30,9,True,21,39,2015,10
1677,56644,OAK,14,30,False,16,44,2015,10
1678,56646,NYG,26,27,False,1,53,2015,10
1679,56645,DEN,13,29,False,16,42,2015,10
1680,56647,SEA,32,39,False,7,71,2015,10
1681,56648,CIN,6,10,False,4,16,2015,10
1682,56649,JAC,19,13,True,6,32,2015,11
1683,56653,CHI,15,17,False,2,32,2015,11
1684,56654,DET,18,13,True,5,31,2015,11
1685,56650,ATL,21,24,False,3,45,2015,11
1686,56655,HOU,24,17,True,7,41,2015,11
1687,56658,PHI,17,45,False,28,62,2015,11
1688,56657,MIN,13,30,False,17,43,2015,11
1689,56652,CAR,44,16,True,28,60,2015,11
1690,56656,MIA,14,24,False,10,38,2015,11
1691,56651,BAL,16,13,True,3,29,2015,11
1692,56659,ARI,34,31,True,3,65,2015,11
1693,56660,SEA,29,13,True,16,42,2015,11
1694,56661,SD,3,33,False,30,36,2015,11
1695,56662,NE,20,13,True,7,33,2015,11
1696,56663,DET,45,14,True,31,59,2015,12
1697,56664,DAL,14,33,False,19,47,2015,12
1698,56665,GB,13,17,False,4,30,2015,12
1699,56674,WAS,20,14,True,6,34,2015,12
1700,56666,ATL,10,20,False,10,30,2015,12
1701,56667,CIN,31,7,True,24,38,2015,12
1702,56668,HOU,24,6,True,18,30,2015,12
1703,56669,IND,25,12,True,13,37,2015,12
1704,56672,NYJ,38,20,True,18,58,2015,12
1705,56670,JAC,25,31,False,6,56,2015,12
1706,56673,TEN,21,24,False,3,45,2015,12
1707,56671,KC,30,22,True,8,52,2015,12
1708,56675,SF,13,19,False,6,32,2015,12
1709,56676,SEA,39,30,True,9,69,2015,12
1710,56677,DEN,30,24,True,6,54,2015,12
1711,56678,CLE,27,33,False,6,60,2015,12
1712,56679,DET,23,27,False,4,50,2015,13
1713,56686,NYG,20,23,False,3,43,2015,13
1714,56680,BUF,30,21,True,9,51,2015,13
1715,56683,MIA,15,13,True,2,28,2015,13
1716,56682,CLE,3,37,False,34,40,2015,13
1717,56689,TEN,42,39,True,3,81,2015,13
1718,56681,CHI,20,26,False,6,46,2015,13
1719,56684,MIN,7,38,False,31,45,2015,13
1720,56685,NO,38,41,False,3,79,2015,13
1721,56688,TB,23,19,True,4,42,2015,13
1722,56687,STL,3,27,False,24,30,2015,13
1723,56690,OAK,20,34,False,14,54,2015,13
1724,56691,SD,3,17,False,14,20,2015,13
1725,56692,NE,28,35,False,7,63,2015,13
1726,56693,PIT,45,10,True,35,55,2015,13
1727,56694,WAS,16,19,False,3,35,2015,13
1728,56695,ARI,23,20,True,3,43,2015,14
1729,56704,PHI,23,20,True,3,43,2015,14
1730,56703,NYJ,30,8,True,22,38,2015,14
1731,56698,CIN,20,33,False,13,53,2015,14
1732,56700,HOU,6,27,False,21,33,2015,14
1733,56701,JAC,51,16,True,35,67,2015,14
1734,56702,KC,10,3,True,7,13,2015,14
1735,56697,CHI,21,24,False,3,45,2015,14
1736,56696,CAR,38,0,True,38,38,2015,14
1737,56706,TB,17,24,False,7,41,2015,14
1738,56705,STL,21,14,True,7,35,2015,14
1739,56699,CLE,24,10,True,14,34,2015,14
1740,56707,DEN,12,15,False,3,27,2015,14
1741,56708,GB,28,7,True,21,35,2015,14
1742,56709,BAL,6,35,False,29,41,2015,14
1743,56710,MIA,24,31,False,7,55,2015,14
1744,56711,STL,31,23,True,8,54,2015,15
1745,56712,DAL,16,19,False,3,35,2015,15
1746,56718,NYG,35,38,False,3,73,2015,15
1747,56719,PHI,17,40,False,23,57,2015,15
1748,56716,MIN,38,17,True,21,55,2015,15
1749,56715,JAC,17,23,False,6,40,2015,15
1750,56714,IND,10,16,False,6,26,2015,15
1751,56717,NE,33,16,True,17,49,2015,15
1752,56713,BAL,14,34,False,20,48,2015,15
1753,56720,WAS,35,25,True,10,60,2015,15
1754,56722,SEA,30,13,True,17,43,2015,15
1755,56721,OAK,20,30,False,10,50,2015,15
1756,56723,PIT,34,27,True,7,61,2015,15
1757,56724,SD,30,14,True,16,44,2015,15
1758,56725,SF,14,24,False,10,38,2015,15
1759,56726,NO,27,35,False,8,62,2015,15
1760,56727,OAK,23,20,True,3,43,2015,16
1761,56728,PHI,24,38,False,14,62,2015,16
1762,56735,NO,38,27,True,11,65,2015,16
1763,56733,MIA,12,18,False,6,30,2015,16
1764,56736,NYJ,26,20,True,6,46,2015,16
1765,56738,TEN,6,34,False,28,40,2015,16
1766,56732,KC,17,13,True,4,30,2015,16
1767,56731,DET,32,17,True,15,49,2015,16
1768,56734,MIN,49,17,True,32,66,2015,16
1769,56729,ATL,20,13,True,7,33,2015,16
1770,56737,TB,21,26,False,5,47,2015,16
1771,56730,BUF,16,6,True,10,22,2015,16
1772,56739,ARI,38,8,True,30,46,2015,16
1773,56740,SEA,17,23,False,6,40,2015,16
1774,56741,BAL,20,17,True,3,37,2015,16
1775,56742,DEN,20,17,True,3,37,2015,16
1776,56744,BUF,22,17,True,5,39,2015,17
1777,56754,MIA,20,10,True,10,30,2015,17
1778,56747,CIN,24,16,True,8,40,2015,17
1779,56748,CLE,12,28,False,16,40,2015,17
1780,56751,HOU,30,6,True,24,36,2015,17
1781,56752,IND,30,24,True,6,54,2015,17
1782,56753,KC,23,17,True,6,40,2015,17
1783,56749,DAL,23,34,False,11,57,2015,17
1784,56755,NYG,30,35,False,5,65,2015,17
1785,56746,CHI,20,24,False,4,44,2015,17
1786,56750,GB,13,20,False,7,33,2015,17
1787,56743,ATL,17,20,False,3,37,2015,17
1788,56745,CAR,38,10,True,28,48,2015,17
1789,56757,DEN,27,20,True,7,47,2015,17
1790,56756,ARI,6,36,False,30,42,2015,17
1791,56758,SF,19,16,True,3,35,2015,17
1792,56901,DEN,21,20,True,1,41,2016,1
1793,56902,ATL,24,31,False,7,55,2016,1
1794,56903,BAL,13,7,True,6,20,2016,1
1795,56904,HOU,23,14,True,9,37,2016,1
1796,56905,JAC,23,27,False,4,50,2016,1
1797,56906,KC,33,27,True,6,60,2016,1
1798,56907,NO,34,35,False,1,69,2016,1
1799,56908,NYJ,22,23,False,1,45,2016,1
1800,56909,PHI,29,10,True,19,39,2016,1
1801,56910,TEN,16,25,False,9,41,2016,1
1802,56911,SEA,12,10,True,2,22,2016,1
1803,56912,DAL,19,20,False,1,39,2016,1
1804,56913,IND,35,39,False,4,74,2016,1
1805,56914,ARI,21,23,False,2,44,2016,1
1806,56915,WAS,16,38,False,22,54,2016,1
1807,56916,SF,28,0,True,28,28,2016,1
1808,56917,BUF,31,37,False,6,68,2016,2
1809,56918,CAR,46,27,True,19,73,2016,2
1810,56919,CLE,20,25,False,5,45,2016,2
1811,56920,DET,15,16,False,1,31,2016,2
1812,56921,HOU,19,12,True,7,31,2016,2
1813,56922,NE,31,24,True,7,55,2016,2
1814,56923,NYG,16,13,True,3,29,2016,2
1815,56924,PIT,24,16,True,8,40,2016,2
1816,56925,WAS,23,27,False,4,50,2016,2
1817,56926,ARI,40,7,True,33,47,2016,2
1818,56927,LA,9,3,True,6,12,2016,2
1819,56928,DEN,34,20,True,14,54,2016,2
1820,56929,OAK,28,35,False,7,63,2016,2
1821,56930,SD,38,14,True,24,52,2016,2
1822,56931,MIN,17,14,True,3,31,2016,2
1823,56932,CHI,14,29,False,15,43,2016,2
1824,56933,NE,27,0,True,27,27,2016,3
1825,56934,BUF,33,18,True,15,51,2016,3
1826,56935,CAR,10,22,False,12,32,2016,3
1827,56936,CIN,17,29,False,12,46,2016,3
1828,56937,GB,34,27,True,7,61,2016,3
1829,56938,JAX,17,19,False,2,36,2016,3
1830,56939,MIA,30,24,True,6,54,2016,3
1831,56940,NYG,27,29,False,2,56,2016,3
1832,56941,TEN,10,17,False,7,27,2016,3
1833,56942,SEA,37,18,True,19,55,2016,3
1834,56943,TB,32,37,False,5,69,2016,3
1835,56946,PHI,34,3,True,31,37,2016,3
1836,56944,IND,26,22,True,4,48,2016,3
1837,56945,KC,24,3,True,21,27,2016,3
1838,56947,DAL,31,17,True,14,48,2016,3
1839,56948,NO,32,45,False,13,77,2016,3
1840,56949,CIN,22,7,True,15,29,2016,4
1841,56950,JAX,30,27,True,3,57,2016,4
1842,56951,ATL,48,33,True,15,81,2016,4
1843,56952,BAL,27,28,False,1,55,2016,4
1844,56953,CHI,17,14,True,3,31,2016,4
1845,56954,HOU,27,20,True,7,47,2016,4
1846,56955,NE,0,16,False,16,16,2016,4
1847,56956,NYJ,17,27,False,10,44,2016,4
1848,56957,WAS,31,20,True,11,51,2016,4
1849,56958,TB,7,27,False,20,34,2016,4
1850,56959,ARI,13,17,False,4,30,2016,4
1851,56960,SD,34,35,False,1,69,2016,4
1852,56961,SF,17,24,False,7,41,2016,4
1853,56962,PIT,43,14,True,29,57,2016,4
1854,56963,MIN,24,10,True,14,34,2016,4
1855,56964,SF,21,33,False,12,54,2016,5
1856,56965,BAL,10,16,False,6,26,2016,5
1857,56966,CLE,13,33,False,20,46,2016,5
1858,56967,DET,24,23,True,1,47,2016,5
1859,56968,IND,29,23,True,6,52,2016,5
1860,56969,MIA,17,30,False,13,47,2016,5
1861,56970,MIN,31,13,True,18,44,2016,5
1862,56971,PIT,31,13,True,18,44,2016,5
1863,56972,DEN,16,23,False,7,39,2016,5
1864,56973,DAL,28,14,True,14,42,2016,5
1865,56974,LA,19,30,False,11,49,2016,5
1866,56975,OAK,34,31,True,3,65,2016,5
1867,56976,GB,23,16,True,7,39,2016,5
1868,56977,CAR,14,17,False,3,31,2016,5
1869,56978,SD,21,13,True,8,34,2016,6
1870,56979,BUF,45,16,True,29,61,2016,6
1871,56980,CHI,16,17,False,1,33,2016,6
1872,56981,DET,31,28,True,3,59,2016,6
1873,56982,MIA,30,15,True,15,45,2016,6
1874,56983,NE,35,17,True,18,52,2016,6
1875,56984,NO,41,38,True,3,79,2016,6
1876,56985,NYG,27,23,True,4,50,2016,6
1877,56986,TEN,28,26,True,2,54,2016,6
1878,56987,WAS,27,20,True,7,47,2016,6
1879,56988,OAK,10,26,False,16,36,2016,6
1880,56989,GB,16,30,False,14,46,2016,6
1881,56990,SEA,26,24,True,2,50,2016,6
1882,56991,HOU,26,23,True,3,49,2016,6
1883,56992,ARI,28,3,True,25,31,2016,6
1884,56993,GB,26,10,True,16,36,2016,7
1885,56994,LA,10,17,False,7,27,2016,7
1886,56995,CIN,31,17,True,14,48,2016,7
1887,56996,DET,20,17,True,3,37,2016,7
1888,56997,JAX,16,33,False,17,49,2016,7
1889,56998,KC,27,21,True,6,48,2016,7
1890,56999,MIA,28,25,True,3,53,2016,7
1891,57000,NYJ,24,16,True,8,40,2016,7
1892,57001,PHI,21,10,True,11,31,2016,7
1893,57002,TEN,26,34,False,8,60,2016,7
1894,57003,ATL,30,33,False,3,63,2016,7
1895,57004,SF,17,34,False,17,51,2016,7
1896,57005,PIT,16,27,False,11,43,2016,7
1897,57006,ARI,6,6,False,0,12,2016,7
1898,57007,DEN,27,9,True,18,36,2016,7
1899,57008,TEN,36,22,True,14,58,2016,8
1900,57009,CIN,27,27,False,0,54,2016,8
1901,57010,ATL,33,32,True,1,65,2016,8
1902,57011,BUF,25,41,False,16,66,2016,8
1903,57012,CLE,28,31,False,3,59,2016,8
1904,57013,HOU,20,13,True,7,33,2016,8
1905,57014,IND,14,30,False,16,44,2016,8
1906,57015,NO,25,20,True,5,45,2016,8
1907,57016,TB,24,30,False,6,54,2016,8
1908,57017,DEN,27,19,True,8,46,2016,8
1909,57018,CAR,30,20,True,10,50,2016,8
1910,57019,DAL,29,23,True,6,52,2016,8
1911,57020,CHI,20,10,True,10,30,2016,8
1912,57021,TB,28,43,False,15,71,2016,9
1913,57032,OAK,30,20,True,10,50,2016,9
1914,57022,BAL,21,14,True,7,35,2016,9
1915,57023,CLE,10,35,False,25,45,2016,9
1916,57024,KC,19,14,True,5,33,2016,9
1917,57025,MIA,27,23,True,4,50,2016,9
1918,57026,MIN,16,22,False,6,38,2016,9
1919,57027,NYG,28,23,True,5,51,2016,9
1920,57028,LA,10,13,False,3,23,2016,9
1921,57029,SF,23,41,False,18,64,2016,9
1922,57030,GB,26,31,False,5,57,2016,9
1923,57031,SD,43,35,True,8,78,2016,9
1924,57033,SEA,31,25,True,6,56,2016,9
1925,57034,BAL,28,7,True,21,35,2016,10
1926,57035,CAR,17,20,False,3,37,2016,10
1927,57036,JAX,21,24,False,3,45,2016,10
1928,57037,NO,23,25,False,2,48,2016,10
1929,57038,NYJ,6,9,False,3,15,2016,10
1930,57039,PHI,24,15,True,9,39,2016,10
1931,57040,TB,36,10,True,26,46,2016,10
1932,57041,TEN,47,25,True,22,72,2016,10
1933,57042,WAS,26,20,True,6,46,2016,10
1934,57043,SD,24,31,False,7,55,2016,10
1935,57044,ARI,23,20,True,3,43,2016,10
1936,57045,PIT,30,35,False,5,65,2016,10
1937,57046,NE,24,31,False,7,55,2016,10
1938,57047,NYG,21,20,True,1,41,2016,10
1939,57048,CAR,23,20,True,3,43,2016,11
1940,57049,CIN,12,16,False,4,28,2016,11
1941,57050,CLE,9,24,False,15,33,2016,11
1942,57051,DAL,27,17,True,10,44,2016,11
1943,57052,DET,26,19,True,7,45,2016,11
1944,57053,IND,24,17,True,7,41,2016,11
1945,57054,KC,17,19,False,2,36,2016,11
1946,57055,MIN,30,24,True,6,54,2016,11
1947,57056,NYG,22,16,True,6,38,2016,11
1948,57057,LA,10,14,False,4,24,2016,11
1949,57058,SF,17,30,False,13,47,2016,11
1950,57059,SEA,26,15,True,11,41,2016,11
1951,57060,WAS,42,24,True,18,66,2016,11
1952,57061,OAK,27,20,True,7,47,2016,11
1953,57062,DET,16,13,True,3,29,2016,12
1954,57063,DAL,31,26,True,5,57,2016,12
1955,57064,IND,7,28,False,21,35,2016,12
1956,57065,ATL,38,19,True,19,57,2016,12
1957,57066,BAL,19,12,True,7,31,2016,12
1958,57067,BUF,28,21,True,7,49,2016,12
1959,57068,CHI,21,27,False,6,48,2016,12
1960,57069,CLE,13,27,False,14,40,2016,12
1961,57070,HOU,13,21,False,8,34,2016,12
1962,57071,MIA,31,24,True,7,55,2016,12
1963,57072,NO,49,21,True,28,70,2016,12
1964,57073,TB,14,5,True,9,19,2016,12
1965,57074,DEN,27,30,False,3,57,2016,12
1966,57075,OAK,35,32,True,3,67,2016,12
1967,57076,NYJ,17,22,False,5,39,2016,12
1968,57077,PHI,13,27,False,14,40,2016,12
1969,57078,MIN,15,17,False,2,32,2016,13
1970,57079,ATL,28,29,False,1,57,2016,13
1971,57080,BAL,38,6,True,32,44,2016,13
1972,57081,CHI,26,6,True,20,32,2016,13
1973,57082,CIN,32,14,True,18,46,2016,13
1974,57083,GB,21,13,True,8,34,2016,13
1975,57084,JAX,10,20,False,10,30,2016,13
1976,57085,NE,26,10,True,16,36,2016,13
1977,57086,NO,13,28,False,15,41,2016,13
1978,57087,OAK,38,24,True,14,62,2016,13
1979,57088,ARI,31,23,True,8,54,2016,13
1980,57089,PIT,24,14,True,10,38,2016,13
1981,57090,SD,21,28,False,7,49,2016,13
1982,57091,SEA,40,7,True,33,47,2016,13
1983,57092,NYJ,10,41,False,31,51,2016,13
1984,57093,KC,21,13,True,8,34,2016,14
1985,57094,BUF,20,27,False,7,47,2016,14
1986,57095,CAR,28,16,True,12,44,2016,14
1987,57096,CLE,10,23,False,13,33,2016,14
1988,57097,DET,20,17,True,3,37,2016,14
1989,57098,IND,17,22,False,5,39,2016,14
1990,57099,JAX,16,25,False,9,41,2016,14
1991,57100,MIA,26,23,True,3,49,2016,14
1992,57101,PHI,22,27,False,5,49,2016,14
1993,57102,TB,16,11,True,5,27,2016,14
1994,57103,TEN,13,10,True,3,23,2016,14
1995,57104,SF,17,23,False,6,40,2016,14
1996,57105,GB,38,10,True,28,48,2016,14
1997,57106,LA,14,42,False,28,56,2016,14
1998,57107,NYG,10,7,True,3,17,2016,14
1999,57108,NE,30,23,True,7,53,2016,14
2000,57109,SEA,24,3,True,21,27,2016,15
2001,57110,NYJ,13,34,False,21,47,2016,15
2002,57111,BAL,27,26,True,1,53,2016,15
2003,57112,BUF,33,13,True,20,46,2016,15
2004,57113,CHI,27,30,False,3,57,2016,15
2005,57114,DAL,26,20,True,6,46,2016,15
2006,57115,HOU,21,20,True,1,41,2016,15
2007,57116,KC,17,19,False,2,36,2016,15
2008,57117,MIN,6,34,False,28,40,2016,15
2009,57118,NYG,17,6,True,11,23,2016,15
2010,57119,ARI,41,48,False,7,89,2016,15
2011,57120,ATL,41,13,True,28,54,2016,15
2012,57121,DEN,3,16,False,13,19,2016,15
2013,57122,SD,16,19,False,3,35,2016,15
2014,57123,CIN,20,24,False,4,44,2016,15
2015,57124,WAS,15,26,False,11,41,2016,15
2016,57125,PHI,24,19,True,5,43,2016,16
2017,57126,BUF,31,34,False,3,65,2016,16
2018,57127,CAR,16,33,False,17,49,2016,16
2019,57128,CHI,21,41,False,20,62,2016,16
2020,57129,CLE,20,17,True,3,37,2016,16
2021,57130,GB,38,25,True,13,63,2016,16
2022,57131,JAX,38,17,True,21,55,2016,16
2023,57132,NE,41,3,True,38,44,2016,16
2024,57133,NO,31,24,True,7,55,2016,16
2025,57134,OAK,33,25,True,8,58,2016,16
2026,57135,LA,21,22,False,1,43,2016,16
2027,57136,SEA,31,34,False,3,65,2016,16
2028,57137,HOU,12,10,True,2,22,2016,16
2029,57138,PIT,31,27,True,4,58,2016,16
2030,57139,KC,33,10,True,23,43,2016,16
2031,57140,DAL,42,21,True,21,63,2016,16
2032,57141,ATL,38,32,True,6,70,2016,17
2033,57142,CIN,27,10,True,17,37,2016,17
2034,57143,DET,24,31,False,7,55,2016,17
2035,57144,IND,24,20,True,4,44,2016,17
2036,57145,MIA,14,35,False,21,49,2016,17
2037,57146,MIN,38,10,True,28,48,2016,17
2038,57147,NYJ,30,10,True,20,40,2016,17
2039,57148,PHI,27,13,True,14,40,2016,17
2040,57149,PIT,27,24,True,3,51,2016,17
2041,57150,TB,17,16,True,1,33,2016,17
2042,57151,TEN,24,17,True,7,41,2016,17
2043,57152,WAS,10,19,False,9,29,2016,17
2044,57153,DEN,24,6,True,18,30,2016,17
2045,57154,LA,6,44,False,38,50,2016,17
2046,57155,SD,27,37,False,10,64,2016,17
2047,57156,SF,23,25,False,2,48,2016,17
2048,57234,NE,27,42,False,15,69,2017,1
2049,57235,BUF,21,12,True,9,33,2017,1
2050,57236,CHI,17,23,False,6,40,2017,1
2051,57237,CIN,0,20,False,20,20,2017,1
2052,57238,CLE,18,21,False,3,39,2017,1
2053,57239,DET,35,23,True,12,58,2017,1
2054,57240,HOU,7,29,False,22,36,2017,1
2055,57242,TEN,16,26,False,10,42,2017,1
2056,57243,WAS,17,30,False,13,47,2017,1
2057,57244,LA,46,9,True,37,55,2017,1
2058,57245,GB,17,9,True,8,26,2017,1
2059,57246,SF,3,23,False,20,26,2017,1
2060,57247,DAL,19,3,True,16,22,2017,1
2061,57248,MIN,29,19,True,10,48,2017,1
2062,57249,DEN,24,21,True,3,45,2017,1
2063,57250,CIN,9,13,False,4,22,2017,2
2064,57251,BAL,24,10,True,14,34,2017,2
2065,57252,CAR,9,3,True,6,12,2017,2
2066,57253,IND,13,16,False,3,29,2017,2
2067,57254,JAX,16,37,False,21,53,2017,2
2068,57255,KC,27,20,True,7,47,2017,2
2069,57256,NO,20,36,False,16,56,2017,2
2070,57257,PIT,26,9,True,17,35,2017,2
2071,57258,TB,29,7,True,22,36,2017,2
2072,57259,LAC,17,19,False,2,36,2017,2
2073,57260,OAK,45,20,True,25,65,2017,2
2074,57261,DEN,42,17,True,25,59,2017,2
2075,57262,LA,20,27,False,7,47,2017,2
2076,57263,SEA,12,9,True,3,21,2017,2
2077,57264,ATL,34,23,True,11,57,2017,2
2078,57265,NYG,10,24,False,14,34,2017,2
2079,57266,SF,39,41,False,2,80,2017,3
2080,57267,JAX,44,7,True,37,51,2017,3
2081,57268,BUF,26,16,True,10,42,2017,3
2082,57269,CAR,13,34,False,21,47,2017,3
2083,57270,CHI,23,17,True,6,40,2017,3
2084,57271,DET,26,30,False,4,56,2017,3
2085,57272,IND,31,28,True,3,59,2017,3
2086,57273,MIN,34,17,True,17,51,2017,3
2087,57274,NE,36,33,True,3,69,2017,3
2088,57275,NYJ,20,6,True,14,26,2017,3
2089,57276,PHI,27,24,True,3,51,2017,3
2090,57277,TEN,33,27,True,6,60,2017,3
2091,57278,GB,27,24,True,3,51,2017,3
2092,57279,LAC,10,24,False,14,34,2017,3
2093,57280,WAS,27,10,True,17,37,2017,3
2094,57281,ARI,17,28,False,11,45,2017,3
2095,57282,GB,35,14,True,21,49,2017,4
2096,57283,MIA,0,20,False,20,20,2017,4
2097,57284,ATL,17,23,False,6,40,2017,4
2098,57285,BAL,9,26,False,17,35,2017,4
2099,57286,CLE,7,31,False,24,38,2017,4
2100,57287,DAL,30,35,False,5,65,2017,4
2101,57288,HOU,57,14,True,43,71,2017,4
2102,57289,MIN,7,14,False,7,21,2017,4
2103,57290,NE,30,33,False,3,63,2017,4
2104,57291,NYJ,23,20,True,3,43,2017,4
2105,57292,ARI,18,15,True,3,33,2017,4
2106,57293,LAC,24,26,False,2,50,2017,4
2107,57294,TB,25,23,True,2,48,2017,4
2108,57295,DEN,16,10,True,6,26,2017,4
2109,57296,SEA,46,18,True,28,64,2017,4
2110,57297,KC,29,20,True,9,49,2017,4
2111,57298,TB,14,19,False,5,33,2017,5
2112,57299,CIN,20,16,True,4,36,2017,5
2113,57300,CLE,14,17,False,3,31,2017,5
2114,57301,DET,24,27,False,3,51,2017,5
2115,57302,IND,26,23,True,3,49,2017,5
2116,57303,MIA,16,10,True,6,26,2017,5
2117,57304,NYG,22,27,False,5,49,2017,5
2118,57305,PHI,34,7,True,27,41,2017,5
2119,57306,PIT,9,30,False,21,39,2017,5
2120,57307,LA,10,16,False,6,26,2017,5
2121,57308,OAK,17,30,False,13,47,2017,5
2122,57309,DAL,31,35,False,4,66,2017,5
2123,57310,HOU,34,42,False,8,76,2017,5
2124,57311,CHI,17,20,False,3,37,2017,5
2125,57312,CAR,23,28,False,5,51,2017,6
2126,57313,ATL,17,20,False,3,37,2017,6
2127,57314,BAL,24,27,False,3,51,2017,6
2128,57315,HOU,33,17,True,16,50,2017,6
2129,57316,MIN,23,10,True,13,33,2017,6
2130,57317,NO,52,38,True,14,90,2017,6
2131,57318,NYJ,17,24,False,7,41,2017,6
2132,57319,WAS,26,24,True,2,50,2017,6
2133,57320,ARI,38,33,True,5,71,2017,6
2134,57321,JAX,17,27,False,10,44,2017,6
2135,57322,KC,13,19,False,6,32,2017,6
2136,57323,OAK,16,17,False,1,33,2017,6
2137,57324,DEN,10,23,False,13,33,2017,6
2138,57325,TEN,36,22,True,14,58,2017,6
2139,57326,OAK,31,30,True,1,61,2017,7
2140,57327,BUF,30,27,True,3,57,2017,7
2141,57328,CHI,17,3,True,14,20,2017,7
2142,57329,CLE,9,12,False,3,21,2017,7
2143,57330,GB,17,26,False,9,43,2017,7
2144,57331,IND,0,27,False,27,27,2017,7
2145,57332,LA,33,0,True,33,33,2017,7
2146,57333,MIA,31,28,True,3,59,2017,7
2147,57334,MIN,24,16,True,8,40,2017,7
2148,57335,PIT,29,14,True,15,43,2017,7
2149,57336,SF,10,40,False,30,50,2017,7
2150,57337,LAC,21,0,True,21,21,2017,7
2151,57338,NYG,7,24,False,17,31,2017,7
2152,57339,NE,23,7,True,16,30,2017,7
2153,57340,PHI,34,24,True,10,58,2017,7
2154,57341,BAL,40,0,True,40,40,2017,8
2155,57342,CLE,16,33,False,17,49,2017,8
2156,57343,BUF,34,14,True,20,48,2017,8
2157,57344,CIN,24,23,True,1,47,2017,8
2158,57345,NE,21,13,True,8,34,2017,8
2159,57346,NO,20,12,True,8,32,2017,8
2160,57347,NYJ,20,25,False,5,45,2017,8
2161,57348,PHI,33,10,True,23,43,2017,8
2162,57349,TB,3,17,False,14,20,2017,8
2163,57350,SEA,41,38,True,3,79,2017,8
2164,57351,WAS,19,33,False,14,52,2017,8
2165,57352,DET,15,20,False,5,35,2017,8
2166,57353,KC,29,19,True,10,48,2017,8
2167,57354,NYJ,34,21,True,13,55,2017,9
2168,57355,CAR,20,17,True,3,37,2017,9
2169,57356,HOU,14,20,False,6,34,2017,9
2170,57357,JAX,23,7,True,16,30,2017,9
2171,57358,NO,30,10,True,20,40,2017,9
2172,57359,NYG,17,51,False,34,68,2017,9
2173,57360,PHI,51,23,True,28,74,2017,9
2174,57361,TEN,23,20,True,3,43,2017,9
2175,57362,SF,10,20,False,10,30,2017,9
2176,57363,SEA,14,17,False,3,31,2017,9
2177,57364,DAL,28,17,True,11,45,2017,9
2178,57365,MIA,24,27,False,3,51,2017,9
2179,57366,GB,17,30,False,13,47,2017,9
2180,57367,ARI,16,22,False,6,38,2017,10
2181,57368,BUF,10,47,False,37,57,2017,10
2182,57369,CHI,16,23,False,7,39,2017,10
2183,57370,DET,38,24,True,14,62,2017,10
2184,57371,IND,17,20,False,3,37,2017,10
2185,57372,JAX,20,17,True,3,37,2017,10
2186,57373,TB,15,10,True,5,25,2017,10
2187,57374,TEN,24,20,True,4,44,2017,10
2188,57375,WAS,30,38,False,8,68,2017,10
2189,57376,LA,33,7,True,26,40,2017,10
2190,57377,ATL,27,7,True,20,34,2017,10
2191,57378,SF,31,21,True,10,52,2017,10
2192,57379,DEN,16,41,False,25,57,2017,10
2193,57380,CAR,45,21,True,24,66,2017,10
2194,57381,PIT,40,17,True,23,57,2017,11
2195,57382,CHI,24,27,False,3,51,2017,11
2196,57383,CLE,7,19,False,12,26,2017,11
2197,57384,GB,0,23,False,23,23,2017,11
2198,57385,HOU,31,21,True,10,52,2017,11
2199,57386,MIN,24,7,True,17,31,2017,11
2200,57387,NO,34,31,True,3,65,2017,11
2201,57388,NYG,12,9,True,3,21,2017,11
2202,57389,LAC,54,24,True,30,78,2017,11
2203,57390,DEN,17,20,False,3,37,2017,11
2204,57391,OAK,8,33,False,25,41,2017,11
2205,57392,DAL,9,37,False,28,46,2017,11
2206,57241,MIA,20,30,False,10,50,2017,11
2207,57393,SEA,31,34,False,3,65,2017,11
2208,57394,DET,23,30,False,7,53,2017,12
2209,57395,DAL,6,28,False,22,34,2017,12
2210,57396,WAS,20,10,True,10,30,2017,12
2211,57397,ATL,34,20,True,14,54,2017,12
2212,57398,CIN,30,16,True,14,46,2017,12
2213,57399,IND,16,20,False,4,36,2017,12
2214,57400,KC,10,16,False,6,26,2017,12
2215,57401,NE,35,17,True,18,52,2017,12
2216,57402,NYJ,27,35,False,8,62,2017,12
2217,57403,PHI,31,3,True,28,34,2017,12
2218,57404,LA,26,20,True,6,46,2017,12
2219,57405,SF,13,24,False,11,37,2017,12
2220,57406,ARI,27,24,True,3,51,2017,12
2221,57407,OAK,21,14,True,7,35,2017,12
2222,57408,PIT,31,28,True,3,59,2017,12
2223,57409,BAL,23,16,True,7,39,2017,12
2224,57410,DAL,38,14,True,24,52,2017,13
2225,57411,ATL,9,14,False,5,23,2017,13
2226,57412,BAL,44,20,True,24,64,2017,13
2227,57413,BUF,3,23,False,20,26,2017,13
2228,57414,CHI,14,15,False,1,29,2017,13
2229,57415,GB,26,20,True,6,46,2017,13
2230,57416,JAX,30,10,True,20,40,2017,13
2231,57417,MIA,35,9,True,26,44,2017,13
2232,57418,NO,31,21,True,10,52,2017,13
2233,57419,NYJ,38,31,True,7,69,2017,13
2234,57420,TEN,24,13,True,11,37,2017,13
2235,57421,LAC,19,10,True,9,29,2017,13
2236,57422,ARI,16,32,False,16,48,2017,13
2237,57423,OAK,24,17,True,7,41,2017,13
2238,57424,SEA,24,10,True,14,34,2017,13
2239,57425,CIN,20,23,False,3,43,2017,13
2240,57426,ATL,20,17,True,3,37,2017,14
2241,57427,BUF,13,7,True,6,20,2017,14
2242,57428,CAR,31,24,True,7,55,2017,14
2243,57429,CIN,7,33,False,26,40,2017,14
2244,57430,CLE,21,27,False,6,48,2017,14
2245,57431,HOU,16,26,False,10,42,2017,14
2246,57432,JAX,30,24,True,6,54,2017,14
2247,57433,KC,26,15,True,11,41,2017,14
2248,57434,TB,21,24,False,3,45,2017,14
2249,57435,ARI,12,7,True,5,19,2017,14
2250,57436,DEN,23,0,True,23,23,2017,14
2251,57437,LAC,30,13,True,17,43,2017,14
2252,57438,LA,35,43,False,8,78,2017,14
2253,57439,NYG,10,30,False,20,40,2017,14
2254,57440,PIT,39,38,True,1,77,2017,14
2255,57441,MIA,27,20,True,7,47,2017,14
2256,57442,IND,13,25,False,12,38,2017,15
2257,57443,DET,20,10,True,10,30,2017,15
2258,57444,KC,30,13,True,17,43,2017,15
2259,57445,BUF,24,16,True,8,40,2017,15
2260,57446,CAR,31,24,True,7,55,2017,15
2261,57447,CLE,10,27,False,17,37,2017,15
2262,57448,JAX,45,7,True,38,52,2017,15
2263,57449,MIN,34,7,True,27,41,2017,15
2264,57450,NO,31,19,True,12,50,2017,15
2265,57451,NYG,29,34,False,5,63,2017,15
2266,57452,WAS,20,15,True,5,35,2017,15
2267,57453,SEA,7,42,False,35,49,2017,15
2268,57454,PIT,24,27,False,3,51,2017,15
2269,57455,SF,25,23,True,2,48,2017,15
2270,57456,OAK,17,20,False,3,37,2017,15
2271,57457,TB,21,24,False,3,45,2017,15
2272,57458,BAL,23,16,True,7,39,2017,16
2273,57459,GB,0,16,False,16,16,2017,16
2274,57460,CAR,22,19,True,3,41,2017,16
2275,57461,CHI,20,3,True,17,23,2017,16
2276,57462,CIN,26,17,True,9,43,2017,16
2277,57463,KC,29,13,True,16,42,2017,16
2278,57464,NE,37,16,True,21,53,2017,16
2279,57465,NO,23,13,True,10,36,2017,16
2280,57466,NYJ,7,14,False,7,21,2017,16
2281,57467,TEN,23,27,False,4,50,2017,16
2282,57468,WAS,27,11,True,16,38,2017,16
2283,57469,SF,44,33,True,11,77,2017,16
2284,57470,ARI,23,0,True,23,23,2017,16
2285,57471,DAL,12,21,False,9,33,2017,16
2286,57472,HOU,6,34,False,28,40,2017,16
2287,57473,PHI,19,10,True,9,29,2017,16
2288,57474,ATL,22,10,True,12,32,2017,17
2289,57475,BAL,27,31,False,4,58,2017,17
2290,57476,DET,35,11,True,24,46,2017,17
2291,57477,IND,22,13,True,9,35,2017,17
2292,57478,MIA,16,22,False,6,38,2017,17
2293,57479,MIN,23,10,True,13,33,2017,17
2294,57480,NE,26,6,True,20,32,2017,17
2295,57481,NYG,18,10,True,8,28,2017,17
2296,57482,PHI,0,6,False,6,6,2017,17
2297,57483,PIT,28,24,True,4,52,2017,17
2298,57484,TB,31,24,True,7,55,2017,17
2299,57485,TEN,15,10,True,5,25,2017,17
2300,57486,DEN,24,27,False,3,51,2017,17
2301,57487,LAC,30,10,True,20,40,2017,17
2302,57488,LA,13,34,False,21,47,2017,17
2303,57489,SEA,24,26,False,2,50,2017,17
2304,54467,TEN,13,10,False,3,23,2009,1
2305,54468,MIA,19,7,False,12,26,2009,1
2306,54469,KC,38,24,False,14,62,2009,1
2307,54470,PHI,10,38,True,28,48,2009,1
2308,54471,DEN,7,12,True,5,19,2009,1
2309,54472,MIN,20,34,True,14,54,2009,1
2310,54473,NYJ,7,24,True,17,31,2009,1
2311,54474,JAC,14,12,False,2,26,2009,1
2312,54475,DET,45,27,False,18,72,2009,1
2313,54476,DAL,21,34,True,13,55,2009,1
2314,54477,SF,16,20,True,4,36,2009,1
2315,54478,WAS,23,17,False,6,40,2009,1
2316,54479,STL,28,0,False,28,28,2009,1
2317,54480,CHI,21,15,False,6,36,2009,1
2318,54481,BUF,25,24,False,1,49,2009,1
2319,54482,SD,20,24,True,4,44,2009,1
2320,54483,CAR,28,20,False,8,48,2009,2
2321,54484,MIN,13,27,True,14,40,2009,2
2322,54485,CIN,24,31,True,7,55,2009,2
2323,54486,ARI,17,31,True,14,48,2009,2
2324,54487,OAK,10,13,True,3,23,2009,2
2325,54488,NE,16,9,False,7,25,2009,2
2326,54489,NO,22,48,True,26,70,2009,2
2327,54490,HOU,31,34,True,3,65,2009,2
2328,54491,STL,9,7,False,2,16,2009,2
2329,54492,TB,33,20,False,13,53,2009,2
2330,54493,SEA,23,10,False,13,33,2009,2
2331,54494,PIT,17,14,False,3,31,2009,2
2332,54495,CLE,27,6,False,21,33,2009,2
2333,54496,BAL,26,31,True,5,57,2009,2
2334,54497,NYG,31,33,True,2,64,2009,2
2335,54498,IND,23,27,True,4,50,2009,2
2336,54504,CLE,34,3,False,31,37,2009,3
2337,54505,PIT,23,20,False,3,43,2009,3
2338,54506,WAS,19,14,False,5,33,2009,3
2339,54507,JAC,24,31,True,7,55,2009,3
2340,54508,SF,27,24,False,3,51,2009,3
2341,54509,ATL,26,10,False,16,36,2009,3
2342,54510,KC,34,14,False,20,48,2009,3
2343,54511,GB,17,36,True,19,53,2009,3
2344,54512,NYG,0,24,True,24,24,2009,3
2345,54513,NO,7,27,True,20,34,2009,3
2346,54514,CHI,19,25,True,6,44,2009,3
2347,54499,TEN,24,17,False,7,41,2009,3
2348,54500,DEN,3,23,True,20,26,2009,3
2349,54501,MIA,23,13,False,10,36,2009,3
2350,54502,IND,10,31,True,21,41,2009,3
2351,54503,CAR,21,7,False,14,28,2009,3
2352,54515,DET,48,24,False,24,72,2009,4
2353,54516,CIN,20,23,True,3,43,2009,4
2354,54517,OAK,29,6,False,23,35,2009,4
2355,54518,SEA,34,17,False,17,51,2009,4
2356,54519,TEN,37,17,False,20,54,2009,4
2357,54520,NYG,16,27,True,11,43,2009,4
2358,54521,BAL,27,21,False,6,48,2009,4
2359,54522,TB,16,13,False,3,29,2009,4
2360,54523,BUF,38,10,False,28,48,2009,4
2361,54524,NYJ,24,10,False,14,34,2009,4
2362,54525,DAL,17,10,False,7,27,2009,4
2363,54526,STL,35,0,False,35,35,2009,4
2364,54527,SD,38,28,False,10,66,2009,4
2365,54528,GB,30,23,False,7,53,2009,4
2366,54529,CIN,14,17,True,3,31,2009,5
2367,54530,CLE,3,6,True,3,9,2009,5
2368,54531,WAS,20,17,False,3,37,2009,5
2369,54532,PIT,20,28,True,8,48,2009,5
2370,54533,DAL,20,26,True,6,46,2009,5
2371,54534,OAK,44,7,False,37,51,2009,5
2372,54535,TB,33,14,False,19,47,2009,5
2373,54536,MIN,10,38,True,28,48,2009,5
2374,54537,ATL,10,45,True,35,55,2009,5
2375,54538,HOU,28,21,False,7,49,2009,5
2376,54539,NE,20,17,False,3,37,2009,5
2377,54540,JAC,41,0,False,41,41,2009,5
2378,54541,IND,9,31,True,22,40,2009,5
2379,54542,NYJ,31,27,False,4,58,2009,5
2380,54543,HOU,17,28,True,11,45,2009,6
2381,54544,DET,26,0,False,26,26,2009,6
2382,54545,STL,23,20,False,3,43,2009,6
2383,54546,BAL,33,31,False,2,64,2009,6
2384,54547,NYG,48,27,False,21,75,2009,6
2385,54548,CLE,27,14,False,13,41,2009,6
2386,54549,CAR,21,28,True,7,49,2009,6
2387,54550,KC,6,14,True,8,20,2009,6
2388,54551,PHI,13,9,False,4,22,2009,6
2389,54552,ARI,3,27,True,24,30,2009,6
2390,54553,TEN,59,0,False,59,59,2009,6
2391,54554,BUF,13,16,True,3,29,2009,6
2392,54555,CHI,21,14,False,7,35,2009,6
2393,54556,DEN,23,34,True,11,57,2009,6
2394,54557,CHI,45,10,False,35,55,2009,7
2395,54558,GB,3,31,True,28,34,2009,7
2396,54559,SF,24,21,False,3,45,2009,7
2397,54560,SD,7,37,True,30,44,2009,7
2398,54561,MIN,27,17,False,10,44,2009,7
2399,54562,IND,6,42,True,36,48,2009,7
2400,54563,NE,7,35,True,28,42,2009,7
2401,54564,BUF,9,20,True,11,29,2009,7
2402,54565,NYJ,0,38,True,38,38,2009,7
2403,54566,ATL,37,21,False,16,58,2009,7
2404,54567,NO,34,46,True,12,80,2009,7
2405,54568,ARI,17,24,True,7,41,2009,7
2406,54569,PHI,17,27,True,10,44,2009,7
2407,54570,DEN,30,7,False,23,37,2009,8
2408,54571,HOU,10,31,True,21,41,2009,8
2409,54572,CLE,30,6,False,24,36,2009,8
2410,54573,SEA,38,17,False,21,55,2009,8
2411,54574,STL,10,17,True,7,27,2009,8
2412,54575,MIN,26,38,True,12,64,2009,8
2413,54576,SF,18,14,False,4,32,2009,8
2414,54577,MIA,25,30,True,5,55,2009,8
2415,54578,OAK,24,16,False,8,40,2009,8
2416,54579,JAC,30,13,False,17,43,2009,8
2417,54580,CAR,21,34,True,13,55,2009,8
2418,54581,NYG,40,17,False,23,57,2009,8
2419,54582,ATL,35,27,False,8,62,2009,8
2420,54583,WAS,31,17,False,14,48,2009,9
2421,54584,ARI,21,41,True,20,62,2009,9
2422,54585,BAL,17,7,False,10,24,2009,9
2423,54586,HOU,20,17,False,3,37,2009,9
2424,54587,KC,24,21,False,3,45,2009,9
2425,54588,MIA,27,17,False,10,44,2009,9
2426,54589,GB,38,28,False,10,66,2009,9
2427,54590,CAR,30,20,False,10,50,2009,9
2428,54591,DET,32,20,False,12,52,2009,9
2429,54592,SD,20,21,True,1,41,2009,9
2430,54593,TEN,27,34,True,7,61,2009,9
2431,54594,DAL,16,20,True,4,36,2009,9
2432,54595,PIT,10,28,True,18,38,2009,9
2433,54596,CHI,10,6,False,4,16,2009,10
2434,54597,ATL,28,19,False,9,47,2009,10
2435,54598,TB,25,23,False,2,48,2009,10
2436,54599,DET,27,10,False,17,37,2009,10
2437,54600,JAC,22,24,True,2,46,2009,10
2438,54601,CIN,12,18,True,6,30,2009,10
2439,54602,NO,23,28,True,5,51,2009,10
2440,54603,BUF,41,17,False,24,58,2009,10
2441,54604,DEN,27,17,False,10,44,2009,10
2442,54605,KC,10,16,True,6,26,2009,10
2443,54606,SEA,31,20,False,11,51,2009,10
2444,54607,DAL,17,7,False,10,24,2009,10
2445,54608,PHI,31,23,False,8,54,2009,10
2446,54609,NE,35,34,False,1,69,2009,10
2447,54610,BAL,0,16,True,16,16,2009,10
2448,54611,MIA,17,24,True,7,41,2009,11
2449,54612,IND,15,17,True,2,32,2009,11
2450,54613,WAS,7,6,False,1,13,2009,11
2451,54614,CLE,38,37,False,1,75,2009,11
2452,54615,SF,30,24,False,6,54,2009,11
2453,54616,BUF,18,15,False,3,33,2009,11
2454,54617,PIT,27,24,False,3,51,2009,11
2455,54618,SEA,35,9,False,26,44,2009,11
2456,54619,ATL,34,31,False,3,65,2009,11
2457,54620,NO,7,38,True,31,45,2009,11
2458,54621,ARI,13,21,True,8,34,2009,11
2459,54622,SD,3,32,True,29,35,2009,11
2460,54623,NYJ,31,14,False,17,45,2009,11
2461,54624,CIN,20,17,False,3,37,2009,11
2462,54625,PHI,20,24,True,4,44,2009,11
2463,54626,TEN,17,20,True,3,37,2009,11
2464,54627,GB,12,34,True,22,46,2009,12
2465,54628,OAK,24,7,False,17,31,2009,12
2466,54629,NYG,26,6,False,20,32,2009,12
2467,54630,TB,20,17,False,3,37,2009,12
2468,54631,MIA,31,14,False,17,45,2009,12
2469,54632,CLE,16,7,False,9,23,2009,12
2470,54633,IND,27,35,True,8,62,2009,12
2471,54634,CHI,36,10,False,26,46,2009,12
2472,54635,CAR,17,6,False,11,23,2009,12
2473,54636,WAS,27,24,False,3,51,2009,12
2474,54637,SEA,17,27,True,10,44,2009,12
2475,54638,ARI,20,17,False,3,37,2009,12
2476,54639,KC,43,14,False,29,57,2009,12
2477,54640,JAC,20,3,False,17,23,2009,12
2478,54641,PIT,20,17,False,3,37,2009,12
2479,54642,NE,38,17,False,21,55,2009,12
2480,54643,NYJ,13,19,True,6,32,2009,13
2481,54644,PHI,7,34,True,27,41,2009,13
2482,54645,TB,16,6,False,10,22,2009,13
2483,54646,STL,17,9,False,8,26,2009,13
2484,54647,DET,23,13,False,10,36,2009,13
2485,54648,TEN,27,17,False,10,44,2009,13
2486,54649,HOU,23,18,False,5,41,2009,13
2487,54650,DEN,13,44,True,31,57,2009,13
2488,54651,OAK,24,27,True,3,51,2009,13
2489,54652,NO,30,33,True,3,63,2009,13
2490,54653,SD,23,30,True,7,53,2009,13
2491,54654,MIN,30,17,False,13,47,2009,13
2492,54655,DAL,31,24,False,7,55,2009,13
2493,54656,SF,20,17,False,3,37,2009,13
2494,54657,NE,22,21,False,1,43,2009,13
2495,54658,BAL,27,14,False,13,41,2009,13
2496,54659,PIT,13,6,False,7,19,2009,14
2497,54660,NO,23,26,True,3,49,2009,14
2498,54661,DET,48,3,False,45,51,2009,14
2499,54662,GB,14,21,True,7,35,2009,14
2500,54663,SEA,34,7,False,27,41,2009,14
2501,54664,DEN,28,16,False,12,44,2009,14
2502,54665,MIA,10,14,True,4,24,2009,14
2503,54666,BUF,10,16,True,6,26,2009,14
2504,54667,CIN,30,10,False,20,40,2009,14
2505,54668,CAR,20,10,False,10,30,2009,14
2506,54669,NYJ,3,26,True,23,29,2009,14
2507,54670,STL,47,7,False,40,54,2009,14
2508,54671,WAS,13,34,True,21,47,2009,14
2509,54672,SD,17,20,True,3,37,2009,14
2510,54673,PHI,38,45,True,7,83,2009,14
2511,54674,ARI,24,9,False,15,33,2009,14
2512,54675,IND,31,35,True,4,66,2009,15
2513,54676,DAL,17,24,True,7,41,2009,15
2514,54677,CHI,31,7,False,24,38,2009,15
2515,54678,NE,10,17,True,7,27,2009,15
2516,54679,ARI,24,31,True,7,55,2009,15
2517,54680,CLE,34,41,True,7,75,2009,15
2518,54681,ATL,7,10,True,3,17,2009,15
2519,54682,SF,27,13,False,14,40,2009,15
2520,54683,GB,37,36,False,1,73,2009,15
2521,54684,HOU,13,16,True,3,29,2009,15
2522,54685,MIA,27,24,False,3,51,2009,15
2523,54686,OAK,19,20,True,1,39,2009,15
2524,54687,CIN,27,24,False,3,51,2009,15
2525,54688,TB,7,24,True,17,31,2009,15
2526,54689,MIN,26,7,False,19,33,2009,15
2527,54690,NYG,12,45,True,33,57,2009,15
2528,54691,SD,17,42,True,25,59,2009,16
2529,54692,BUF,31,3,False,28,34,2009,16
2530,54693,KC,17,10,False,7,27,2009,16
2531,54694,OAK,23,9,False,14,32,2009,16
2532,54695,SEA,48,10,False,38,58,2009,16
2533,54696,HOU,20,27,True,7,47,2009,16
2534,54697,CAR,9,41,True,32,50,2009,16
2535,54698,JAC,35,7,False,28,42,2009,16
2536,54699,TB,17,20,True,3,37,2009,16
2537,54700,DEN,30,27,False,3,57,2009,16
2538,54701,BAL,23,20,False,3,43,2009,16
2539,54702,STL,31,10,False,21,41,2009,16
2540,54703,DET,20,6,False,14,26,2009,16
2541,54704,NYJ,15,29,True,14,44,2009,16
2542,54705,DAL,0,17,True,17,17,2009,16
2543,54706,MIN,36,30,False,6,66,2009,16
2544,54707,IND,30,7,False,23,37,2009,17
2545,54708,NO,23,10,False,13,33,2009,17
2546,54709,JAC,23,17,False,6,40,2009,17
2547,54710,PHI,24,0,False,24,24,2009,17
2548,54711,CHI,23,37,True,14,60,2009,17
2549,54712,NE,34,27,False,7,61,2009,17
2550,54713,PIT,24,30,True,6,54,2009,17
2551,54714,NYG,44,7,False,37,51,2009,17
2552,54715,CIN,37,0,False,37,37,2009,17
2553,54716,SF,6,28,True,22,34,2009,17
2554,54717,ATL,10,20,True,10,30,2009,17
2555,54718,GB,7,33,True,26,40,2009,17
2556,54719,KC,24,44,True,20,68,2009,17
2557,54720,BAL,13,21,True,8,34,2009,17
2558,54721,WAS,23,20,False,3,43,2009,17
2559,54722,TEN,13,17,True,4,30,2009,17
2560,54863,MIN,14,9,False,5,23,2010,1
2561,54871,CLE,17,14,False,3,31,2010,1
2562,54864,MIA,10,15,True,5,25,2010,1
2563,54868,CIN,38,24,False,14,62,2010,1
2564,54866,IND,34,24,False,10,58,2010,1
2565,54867,DEN,24,17,False,7,41,2010,1
2566,54872,OAK,38,13,False,25,51,2010,1
2567,54869,CAR,31,18,False,13,49,2010,1
2568,54865,DET,19,14,False,5,33,2010,1
2569,54874,ARI,13,17,True,4,30,2010,1
2570,54870,ATL,15,9,False,6,24,2010,1
2571,54873,GB,20,27,True,7,47,2010,1
2572,54875,SF,31,6,False,25,37,2010,1
2573,54876,DAL,13,7,False,6,20,2010,1
2574,54877,BAL,9,10,True,1,19,2010,1
2575,54878,SD,21,14,False,7,35,2010,1
2576,54892,HOU,27,30,True,3,57,2010,2
2577,54885,BUF,34,7,False,27,41,2010,2
2578,54886,MIA,10,14,True,4,24,2010,2
2579,54882,KC,14,16,True,2,30,2010,2
2580,54887,PIT,11,19,True,8,30,2010,2
2581,54883,CHI,20,27,True,7,47,2010,2
2582,54884,PHI,32,35,True,3,67,2010,2
2583,54879,ARI,41,7,False,34,48,2010,2
2584,54880,TB,7,20,True,13,27,2010,2
2585,54888,SEA,31,14,False,17,45,2010,2
2586,54889,STL,16,14,False,2,30,2010,2
2587,54890,NE,28,14,False,14,42,2010,2
2588,54881,BAL,15,10,False,5,25,2010,2
2589,54891,JAC,38,13,False,25,51,2010,2
2590,54893,NYG,38,14,False,24,52,2010,2
2591,54894,NO,22,25,True,3,47,2010,2
2592,54902,TEN,10,29,True,19,39,2010,3
2593,54896,CIN,7,20,True,13,27,2010,3
2594,54903,PIT,13,38,True,25,51,2010,3
2595,54900,BUF,38,30,False,8,68,2010,3
2596,54895,CLE,24,17,False,7,41,2010,3
2597,54899,DET,24,10,False,14,34,2010,3
2598,54901,ATL,24,27,True,3,51,2010,3
2599,54905,WAS,30,16,False,14,46,2010,3
2600,54897,DAL,13,27,True,14,40,2010,3
2601,54898,SF,31,10,False,21,41,2010,3
2602,54904,PHI,3,28,True,25,31,2010,3
2603,54907,IND,13,27,True,14,40,2010,3
2604,54906,OAK,24,23,False,1,47,2010,3
2605,54908,SD,27,20,False,7,47,2010,3
2606,54909,NYJ,23,31,True,8,54,2010,3
2607,54910,GB,20,17,False,3,37,2010,3
2608,54912,NYJ,14,38,True,24,52,2010,4
2609,54913,CIN,23,20,False,3,43,2010,4
2610,54916,BAL,14,17,True,3,31,2010,4
2611,54918,DEN,20,26,True,6,46,2010,4
2612,54914,DET,28,26,False,2,54,2010,4
2613,54911,SF,16,14,False,2,30,2010,4
2614,54915,CAR,16,14,False,2,30,2010,4
2615,54917,SEA,20,3,False,17,23,2010,4
2616,54919,IND,31,28,False,3,59,2010,4
2617,54920,HOU,24,31,True,7,55,2010,4
2618,54921,WAS,12,17,True,5,29,2010,4
2619,54922,ARI,41,10,False,31,51,2010,4
2620,54923,CHI,17,3,False,14,20,2010,4
2621,54924,NE,14,41,True,27,55,2010,4
2622,54926,JAC,26,36,True,10,62,2010,5
2623,54925,DEN,31,17,False,14,48,2010,5
2624,54931,KC,19,9,False,10,28,2010,5
2625,54933,GB,16,13,False,3,29,2010,5
2626,54930,STL,44,6,False,38,50,2010,5
2627,54927,CHI,6,23,True,17,29,2010,5
2628,54928,TB,21,24,True,3,45,2010,5
2629,54929,ATL,10,20,True,10,30,2010,5
2630,54932,NYG,10,34,True,24,44,2010,5
2631,54934,NO,30,20,False,10,50,2010,5
2632,54935,TEN,27,34,True,7,61,2010,5
2633,54936,SD,35,27,False,8,62,2010,5
2634,54937,PHI,24,27,True,3,51,2010,5
2635,54938,MIN,29,20,False,9,49,2010,5
2636,54940,MIA,20,23,True,3,43,2010,6
2637,54946,SD,20,17,False,3,37,2010,6
2638,54942,BAL,23,20,False,3,43,2010,6
2639,54945,CLE,28,10,False,18,38,2010,6
2640,54941,KC,35,31,False,4,66,2010,6
2641,54943,DET,28,20,False,8,48,2010,6
2642,54944,ATL,31,17,False,14,48,2010,6
2643,54939,SEA,20,23,True,3,43,2010,6
2644,54947,NO,6,31,True,25,37,2010,6
2645,54948,NYJ,20,24,True,4,44,2010,6
2646,54949,OAK,17,9,False,8,26,2010,6
2647,54950,DAL,24,21,False,3,45,2010,6
2648,54951,IND,24,27,True,3,51,2010,6
2649,54952,TEN,3,30,True,27,33,2010,6
2650,54953,CIN,39,32,False,7,71,2010,7
2651,54818,PIT,22,23,True,1,45,2010,7
2652,54954,BUF,37,34,False,3,71,2010,7
2653,54817,JAC,42,20,False,22,62,2010,7
2654,54819,CLE,17,30,True,13,47,2010,7
2655,54816,WAS,14,17,True,3,31,2010,7
2656,54955,SF,23,20,False,3,43,2010,7
2657,54820,STL,18,17,False,1,35,2010,7
2658,54821,PHI,37,19,False,18,56,2010,7
2659,54822,ARI,22,10,False,12,32,2010,7
2660,54823,NE,20,23,True,3,43,2010,7
2661,54824,OAK,14,59,True,45,73,2010,7
2662,54825,MIN,28,24,False,4,52,2010,7
2663,54826,NYG,35,41,True,6,76,2010,7
2664,54833,DEN,24,16,False,8,40,2010,8
2665,54828,JAC,17,35,True,18,52,2010,8
2666,54827,MIA,14,22,True,8,36,2010,8
2667,54830,BUF,13,10,False,3,23,2010,8
2668,54829,WAS,37,25,False,12,62,2010,8
2669,54832,CAR,20,10,False,10,30,2010,8
2670,54831,GB,0,9,True,9,9,2010,8
2671,54834,TEN,33,25,False,8,58,2010,8
2672,54835,MIN,28,18,False,10,46,2010,8
2673,54837,TB,35,38,True,3,73,2010,8
2674,54836,SEA,33,3,False,30,36,2010,8
2675,54838,PIT,20,10,False,10,30,2010,8
2676,54839,HOU,30,17,False,13,47,2010,8
2677,54845,NYJ,20,23,True,3,43,2010,9
2678,54841,MIA,26,10,False,16,36,2010,9
2679,54844,NE,34,14,False,20,48,2010,9
2680,54846,SD,23,29,True,6,52,2010,9
2681,54842,CHI,19,22,True,3,41,2010,9
2682,54847,ARI,27,24,False,3,51,2010,9
2683,54840,TB,27,21,False,6,48,2010,9
2684,54843,NO,3,34,True,31,37,2010,9
2685,54848,NYG,7,41,True,34,48,2010,9
2686,54849,IND,26,24,False,2,50,2010,9
2687,54850,KC,23,20,False,3,43,2010,9
2688,54851,DAL,45,7,False,38,52,2010,9
2689,54852,PIT,21,27,True,6,48,2010,9
2690,54853,BAL,26,21,False,5,47,2010,10
2691,54859,TEN,29,17,False,12,46,2010,10
2692,54856,NYJ,20,26,True,6,46,2010,10
2693,54857,CIN,23,17,False,6,40,2010,10
2694,54858,HOU,31,24,False,7,55,2010,10
2695,54855,MIN,27,13,False,14,40,2010,10
2696,54860,CAR,31,16,False,15,47,2010,10
2697,54854,DET,14,12,False,2,26,2010,10
2698,54861,KC,49,29,False,20,78,2010,10
2699,54862,DAL,20,33,True,13,53,2010,10
2700,54956,SEA,18,36,True,18,54,2010,10
2701,54957,STL,23,20,False,3,43,2010,10
2702,54958,NE,26,39,True,13,65,2010,10
2703,54959,PHI,28,59,True,31,87,2010,10
2704,54960,CHI,0,16,True,16,16,2010,11
2705,54961,BAL,13,37,True,24,50,2010,11
2706,54967,HOU,30,27,False,3,57,2010,11
2707,54962,BUF,31,49,True,18,80,2010,11
2708,54968,OAK,35,3,False,32,38,2010,11
2709,54964,CLE,24,20,False,4,44,2010,11
2710,54963,DET,35,19,False,16,54,2010,11
2711,54966,GB,3,31,True,28,34,2010,11
2712,54970,SEA,34,19,False,15,53,2010,11
2713,54969,WAS,16,19,True,3,35,2010,11
2714,54965,ARI,31,13,False,18,44,2010,11
2715,54971,ATL,17,34,True,17,51,2010,11
2716,54972,TB,0,21,True,21,21,2010,11
2717,54973,IND,31,28,False,3,59,2010,11
2718,54974,NYG,27,17,False,10,44,2010,11
2719,54975,DEN,35,14,False,21,49,2010,11
2720,54976,NE,24,45,True,21,69,2010,12
2721,54977,NO,27,30,True,3,57,2010,12
2722,54978,CIN,26,10,False,16,36,2010,12
2723,54985,JAC,24,20,False,4,44,2010,12
2724,54981,PIT,16,19,True,3,35,2010,12
2725,54984,TEN,20,0,False,20,20,2010,12
2726,54986,MIN,13,17,True,4,30,2010,12
2727,54982,PHI,31,26,False,5,57,2010,12
2728,54979,GB,20,17,False,3,37,2010,12
2729,54980,TB,17,10,False,7,27,2010,12
2730,54983,CAR,24,23,False,1,47,2010,12
2731,54987,KC,24,42,True,18,66,2010,12
2732,54988,MIA,17,33,True,16,50,2010,12
2733,54989,STL,33,36,True,3,69,2010,12
2734,54990,SD,14,36,True,22,50,2010,12
2735,54991,SF,6,27,True,21,33,2010,12
2736,54992,HOU,34,24,False,10,58,2010,13
2737,54998,BUF,38,14,False,24,52,2010,13
2738,54997,CLE,10,13,True,3,23,2010,13
2739,55001,JAC,6,17,True,11,23,2010,13
2740,54996,DEN,10,6,False,4,16,2010,13
2741,54999,WAS,31,7,False,24,38,2010,13
2742,54994,CHI,20,24,True,4,44,2010,13
2743,54995,SF,34,16,False,18,50,2010,13
2744,55000,ATL,24,28,True,4,52,2010,13
2745,54993,NO,30,34,True,4,64,2010,13
2746,55002,OAK,13,28,True,15,41,2010,13
2747,55004,DAL,35,38,True,3,73,2010,13
2748,55003,STL,6,19,True,13,25,2010,13
2749,55005,CAR,31,14,False,17,45,2010,13
2750,55006,PIT,10,13,True,3,23,2010,13
2751,55007,NYJ,45,3,False,42,48,2010,13
2752,55008,IND,28,30,True,2,58,2010,14
2753,55009,NE,7,36,True,29,43,2010,14
2754,55010,CLE,13,6,False,7,19,2010,14
2755,55011,CIN,23,7,False,16,30,2010,14
2756,55012,OAK,38,31,False,7,69,2010,14
2757,55013,TB,16,17,True,1,33,2010,14
2758,55014,GB,7,3,False,4,10,2010,14
2759,55016,ATL,10,31,True,21,41,2010,14
2760,55017,STL,31,13,False,18,44,2010,14
2761,55018,SEA,40,21,False,19,61,2010,14
2762,55020,MIA,6,10,True,4,16,2010,14
2763,55019,DEN,43,13,False,30,56,2010,14
2764,55021,KC,31,0,False,31,31,2010,14
2765,55022,PHI,27,30,True,3,57,2010,14
2766,55023,BAL,28,34,True,6,62,2010,14
2767,55015,NYG,3,21,True,18,24,2010,14
2768,55024,SF,34,7,False,27,41,2010,15
2769,55032,KC,13,27,True,14,40,2010,15
2770,55030,BUF,14,17,True,3,31,2010,15
2771,55027,CLE,19,17,False,2,36,2010,15
2772,55029,JAC,34,24,False,10,58,2010,15
2773,55034,HOU,31,17,False,14,48,2010,15
2774,55028,WAS,33,30,False,3,63,2010,15
2775,55031,PHI,31,38,True,7,69,2010,15
2776,55026,ARI,19,12,False,7,31,2010,15
2777,55033,DET,20,23,True,3,43,2010,15
2778,55025,NO,30,24,False,6,54,2010,15
2779,55035,ATL,18,34,True,16,52,2010,15
2780,55037,NYJ,17,22,True,5,39,2010,15
2781,55036,DEN,39,23,False,16,62,2010,15
2782,55038,GB,31,27,False,4,58,2010,15
2783,55039,CHI,14,40,True,26,54,2010,15
2784,55040,CAR,27,3,False,24,30,2010,16
2785,55041,DAL,27,26,False,1,53,2010,16
2786,55043,NYJ,38,34,False,4,72,2010,16
2787,55042,NE,3,34,True,31,37,2010,16
2788,55044,BAL,10,20,True,10,30,2010,16
2789,55046,TEN,34,14,False,20,48,2010,16
2790,55050,SEA,38,15,False,23,53,2010,16
2791,55049,SF,25,17,False,8,42,2010,16
2792,55047,DET,27,34,True,7,61,2010,16
2793,55045,WAS,17,20,True,3,37,2010,16
2794,55051,HOU,24,23,False,1,47,2010,16
2795,55052,IND,26,31,True,5,57,2010,16
2796,55053,NYG,45,17,False,28,62,2010,16
2797,55054,SD,34,20,False,14,54,2010,16
2798,55055,NO,14,17,True,3,31,2010,16
2799,55048,MIN,14,24,True,10,38,2010,16
2800,55064,MIA,38,7,False,31,45,2010,17
2801,55066,BUF,38,7,False,31,45,2010,17
2802,55057,CIN,13,7,False,6,20,2010,17
2803,55058,PIT,9,41,True,32,50,2010,17
2804,55061,JAC,34,17,False,17,51,2010,17
2805,55062,TEN,23,20,False,3,43,2010,17
2806,55063,OAK,10,31,True,21,41,2010,17
2807,55067,DAL,13,14,True,1,27,2010,17
2808,55068,NYG,14,17,True,3,31,2010,17
2809,55059,MIN,20,13,False,7,33,2010,17
2810,55060,CHI,10,3,False,7,13,2010,17
2811,55056,CAR,31,10,False,21,41,2010,17
2812,55065,TB,13,23,True,10,36,2010,17
2813,55069,SD,28,33,True,5,61,2010,17
2814,55070,ARI,38,7,False,31,45,2010,17
2815,55071,STL,16,6,False,10,22,2010,17
2816,55164,NO,42,34,False,8,76,2011,1
2817,55165,PIT,35,7,False,28,42,2011,1
2818,55167,CIN,17,27,True,10,44,2011,1
2819,55168,IND,34,7,False,27,41,2011,1
2820,55169,TEN,16,14,False,2,30,2011,1
2821,55170,BUF,7,41,True,34,48,2011,1
2822,55166,ATL,30,12,False,18,42,2011,1
2823,55172,DET,20,27,True,7,47,2011,1
2824,55171,PHI,13,31,True,18,44,2011,1
2825,55176,NYG,28,14,False,14,42,2011,1
2826,55173,CAR,28,21,False,7,49,2011,1
2827,55175,SEA,33,17,False,16,50,2011,1
2828,55174,MIN,24,17,False,7,41,2011,1
2829,55177,DAL,27,24,False,3,51,2011,1
2830,55178,NE,24,38,True,14,62,2011,1
2831,55179,OAK,20,23,True,3,43,2011,1
2832,55182,KC,48,3,False,45,51,2011,2
2833,55180,OAK,38,35,False,3,73,2011,2
2834,55188,BAL,26,13,False,13,39,2011,2
2835,55186,JAC,32,3,False,29,35,2011,2
2836,55183,CLE,19,27,True,8,46,2011,2
2837,55189,ARI,22,21,False,1,43,2011,2
2838,55184,TB,20,24,True,4,44,2011,2
2839,55181,GB,23,30,True,7,53,2011,2
2840,55185,CHI,30,13,False,17,43,2011,2
2841,55187,SEA,24,0,False,24,24,2011,2
2842,55190,DAL,24,27,True,3,51,2011,2
2843,55193,SD,35,21,False,14,56,2011,2
2844,55191,CIN,24,22,False,2,46,2011,2
2845,55192,HOU,13,23,True,10,36,2011,2
2846,55194,PHI,35,31,False,4,66,2011,2
2847,55195,STL,28,16,False,12,44,2011,2
2848,55197,JAC,16,10,False,6,26,2011,3
2849,55201,HOU,40,33,False,7,73,2011,3
2850,55196,NE,34,31,False,3,65,2011,3
2851,55199,MIA,17,16,False,1,33,2011,3
2852,55203,DEN,17,14,False,3,31,2011,3
2853,55202,NYG,16,29,True,13,45,2011,3
2854,55200,DET,23,26,True,3,49,2011,3
2855,55198,SF,8,13,True,5,21,2011,3
2856,55204,NYJ,34,24,False,10,58,2011,3
2857,55206,KC,20,17,False,3,37,2011,3
2858,55205,BAL,7,37,True,30,44,2011,3
2859,55207,GB,17,27,True,10,44,2011,3
2860,55208,ARI,13,10,False,3,23,2011,3
2861,55209,ATL,16,13,False,3,29,2011,3
2862,55210,PIT,20,23,True,3,43,2011,3
2863,55211,WAS,18,16,False,2,34,2011,3
2864,55213,BUF,23,20,False,3,43,2011,4
2865,55214,TEN,13,31,True,18,44,2011,4
2866,55216,PIT,17,10,False,7,27,2011,4
2867,55215,DET,30,34,True,4,64,2011,4
2868,55219,SF,23,24,True,1,47,2011,4
2869,55212,CAR,34,29,False,5,63,2011,4
2870,55220,WAS,10,17,True,7,27,2011,4
2871,55217,NO,10,23,True,13,33,2011,4
2872,55218,MIN,22,17,False,5,39,2011,4
2873,55221,NYG,27,31,True,4,58,2011,4
2874,55222,ATL,28,30,True,2,58,2011,4
2875,55223,DEN,49,23,False,26,72,2011,4
2876,55224,NE,19,31,True,12,50,2011,4
2877,55225,MIA,26,16,False,10,42,2011,4
2878,55226,NYJ,34,17,False,17,51,2011,4
2879,55227,IND,24,17,False,7,41,2011,4
2880,55235,TEN,38,17,False,21,55,2011,5
2881,55230,OAK,20,25,True,5,45,2011,5
2882,55231,KC,24,28,True,4,52,2011,5
2883,55232,CIN,20,30,True,10,50,2011,5
2884,55234,SEA,25,36,True,11,61,2011,5
2885,55233,ARI,34,10,False,24,44,2011,5
2886,55229,NO,27,30,True,3,57,2011,5
2887,55228,PHI,31,24,False,7,55,2011,5
2888,55236,TB,48,3,False,45,51,2011,5
2889,55238,NYJ,30,21,False,9,51,2011,5
2890,55237,SD,24,29,True,5,53,2011,5
2891,55239,GB,14,25,True,11,39,2011,5
2892,55240,CHI,24,13,False,11,37,2011,5
2893,55245,BUF,27,24,False,3,51,2011,6
2894,55242,IND,27,17,False,10,44,2011,6
2895,55246,JAC,17,13,False,4,30,2011,6
2896,55247,PHI,13,20,True,7,33,2011,6
2897,55243,SF,19,25,True,6,44,2011,6
2898,55244,STL,24,3,False,21,27,2011,6
2899,55241,CAR,31,17,False,14,48,2011,6
2900,55249,CLE,24,17,False,7,41,2011,6
2901,55248,HOU,29,14,False,15,43,2011,6
2902,55251,NO,26,20,False,6,46,2011,6
2903,55250,DAL,20,16,False,4,36,2011,6
2904,55252,MIN,39,10,False,29,49,2011,6
2905,55253,MIA,24,6,False,18,30,2011,6
2906,55257,DEN,15,18,True,3,33,2011,7
2907,55258,SD,27,21,False,6,48,2011,7
2908,55260,HOU,7,41,True,34,48,2011,7
2909,55256,ATL,16,23,True,7,39,2011,7
2910,55254,WAS,33,20,False,13,53,2011,7
2911,55259,CHI,18,24,True,6,42,2011,7
2912,55255,SEA,6,3,False,3,9,2011,7
2913,55261,PIT,20,32,True,12,52,2011,7
2914,55262,KC,0,28,True,28,28,2011,7
2915,55264,GB,27,33,True,6,60,2011,7
2916,55263,STL,34,7,False,27,41,2011,7
2917,55265,IND,62,7,False,55,69,2011,7
2918,55266,BAL,12,7,False,5,19,2011,7
2919,55270,MIA,20,17,False,3,37,2011,8
2920,55269,JAC,24,14,False,10,38,2011,8
2921,55272,IND,27,10,False,17,37,2011,8
2922,55268,MIN,21,24,True,3,45,2011,8
2923,55271,NO,31,21,False,10,52,2011,8
2924,55267,ARI,30,27,False,3,57,2011,8
2925,55274,DET,10,45,True,35,55,2011,8
2926,55273,WAS,23,0,False,23,23,2011,8
2927,55275,NE,25,17,False,8,42,2011,8
2928,55276,CLE,20,10,False,10,30,2011,8
2929,55277,CIN,12,34,True,22,46,2011,8
2930,55278,DAL,34,7,False,27,41,2011,8
2931,55279,SD,23,20,False,3,43,2011,8
2932,55280,NYJ,11,27,True,16,38,2011,9
2933,55282,CLE,30,12,False,18,42,2011,9
2934,55284,MIA,3,31,True,28,34,2011,9
2935,55281,SEA,23,13,False,10,36,2011,9
2936,55286,SF,11,19,True,8,30,2011,9
2937,55285,TB,27,16,False,11,43,2011,9
2938,55283,ATL,7,31,True,24,38,2011,9
2939,55287,DEN,24,38,True,14,62,2011,9
2940,55288,CIN,17,24,True,7,41,2011,9
2941,55290,NYG,20,24,True,4,44,2011,9
2942,55291,GB,38,45,True,7,83,2011,9
2943,55289,STL,19,13,False,6,32,2011,9
2944,55292,BAL,20,23,True,3,43,2011,9
2945,55293,CHI,24,30,True,6,54,2011,9
2946,55294,OAK,17,24,True,7,41,2011,10
2947,55300,BUF,44,7,False,37,51,2011,10
2948,55296,TEN,3,30,True,27,33,2011,10
2949,55305,HOU,9,37,True,28,46,2011,10
2950,55298,PIT,17,24,True,7,41,2011,10
2951,55301,JAC,3,17,True,14,20,2011,10
2952,55302,DEN,10,17,True,7,27,2011,10
2953,55304,ARI,17,21,True,4,38,2011,10
2954,55297,DET,37,13,False,24,50,2011,10
2955,55295,NO,23,26,True,3,49,2011,10
2956,55303,WAS,20,9,False,11,29,2011,10
2957,55299,STL,12,13,True,1,25,2011,10
2958,55306,BAL,22,17,False,5,39,2011,10
2959,55307,NYG,27,20,False,7,47,2011,10
2960,55308,NE,16,37,True,21,53,2011,10
2961,55309,MIN,45,7,False,38,52,2011,10
2962,55310,NYJ,17,13,False,4,30,2011,11
2963,55317,OAK,21,27,True,6,48,2011,11
2964,55311,TEN,23,17,False,6,40,2011,11
2965,55316,BUF,35,8,False,27,43,2011,11
2966,55313,JAC,14,10,False,4,24,2011,11
2967,55312,CIN,31,24,False,7,55,2011,11
2968,55318,DAL,24,27,True,3,51,2011,11
2969,55314,CAR,49,35,False,14,84,2011,11
2970,55315,TB,35,26,False,9,61,2011,11
2971,55320,ARI,23,7,False,16,30,2011,11
2972,55319,SEA,7,24,True,17,31,2011,11
2973,55321,SD,31,20,False,11,51,2011,11
2974,55322,PHI,10,17,True,7,27,2011,11
2975,55323,KC,34,3,False,31,37,2011,11
2976,55324,GB,15,27,True,12,42,2011,12
2977,55325,MIA,20,19,False,1,39,2011,12
2978,55326,SF,16,6,False,10,22,2011,12
2979,55331,BUF,28,24,False,4,52,2011,12
2980,55328,CLE,23,20,False,3,43,2011,12
2981,55330,HOU,13,20,True,7,33,2011,12
2982,55327,MIN,24,14,False,10,38,2011,12
2983,55332,ARI,20,23,True,3,43,2011,12
2984,55329,CAR,19,27,True,8,46,2011,12
2985,55333,TB,23,17,False,6,40,2011,12
2986,55335,WAS,17,23,True,6,40,2011,12
2987,55334,CHI,25,20,False,5,45,2011,12
2988,55336,NE,20,38,True,18,58,2011,12
2989,55337,DEN,13,16,True,3,29,2011,12
2990,55338,PIT,9,13,True,4,22,2011,12
2991,55339,NYG,49,24,False,25,73,2011,12
2992,55340,PHI,31,14,False,17,45,2011,13
2993,55349,NYJ,19,34,True,15,53,2011,13
2994,55342,KC,3,10,True,7,13,2011,13
2995,55341,TEN,17,23,True,6,40,2011,13
2996,55345,OAK,34,14,False,20,48,2011,13
2997,55343,BAL,10,24,True,14,34,2011,13
2998,55347,CIN,35,7,False,28,42,2011,13
2999,55346,DET,31,17,False,14,48,2011,13
3000,55348,CAR,19,38,True,19,57,2011,13
3001,55344,ATL,17,10,False,7,27,2011,13
3002,55350,DEN,32,35,True,3,67,2011,13
3003,55352,GB,35,38,True,3,73,2011,13
3004,55351,DAL,19,13,False,6,32,2011,13
3005,55353,STL,26,0,False,26,26,2011,13
3006,55354,IND,31,24,False,7,55,2011,13
3007,55355,SD,14,38,True,24,52,2011,13
3008,55356,CLE,14,3,False,11,17,2011,14
3009,55366,NE,27,34,True,7,61,2011,14
3010,55361,OAK,46,16,False,30,62,2011,14
3011,55364,KC,37,10,False,27,47,2011,14
3012,55359,HOU,19,20,True,1,39,2011,14
3013,55357,IND,24,10,False,14,34,2011,14
3014,55360,MIN,34,28,False,6,62,2011,14
3015,55358,ATL,23,31,True,8,54,2011,14
3016,55363,PHI,10,26,True,16,36,2011,14
3017,55362,TB,41,14,False,27,55,2011,14
3018,55365,NO,17,22,True,5,39,2011,14
3019,55367,SF,21,19,False,2,40,2011,14
3020,55368,CHI,13,10,False,3,23,2011,14
3021,55369,BUF,37,10,False,27,47,2011,14
3022,55370,NYG,34,37,True,3,71,2011,14
3023,55371,STL,30,13,False,17,43,2011,14
3024,55372,JAC,41,14,False,27,55,2011,15
3025,55373,DAL,15,31,True,16,46,2011,15
3026,55381,CIN,13,20,True,7,33,2011,15
3027,55374,MIA,23,30,True,7,53,2011,15
3028,55377,TEN,27,13,False,14,40,2011,15
3029,55380,WAS,10,23,True,13,33,2011,15
3030,55375,SEA,14,38,True,24,52,2011,15
3031,55379,NO,20,42,True,22,62,2011,15
3032,55376,CAR,13,28,True,15,41,2011,15
3033,55378,GB,19,14,False,5,33,2011,15
3034,55382,DET,27,28,True,1,55,2011,15
3035,55385,NYJ,45,19,False,26,64,2011,15
3036,55383,CLE,20,17,False,3,37,2011,15
3037,55384,NE,23,41,True,18,64,2011,15
3038,55386,BAL,34,14,False,20,48,2011,15
3039,55387,PIT,20,3,False,17,23,2011,15
3040,55388,HOU,19,16,False,3,35,2011,16
3041,55390,DEN,40,14,False,26,54,2011,16
3042,55394,MIA,27,24,False,3,51,2011,16
3043,55389,CLE,20,14,False,6,34,2011,16
3044,55397,JAC,23,17,False,6,40,2011,16
3045,55393,OAK,13,16,True,3,29,2011,16
3046,55395,NYG,14,29,True,15,43,2011,16
3047,55398,MIN,26,33,True,7,59,2011,16
3048,55391,TB,48,16,False,32,64,2011,16
3049,55392,ARI,23,16,False,7,39,2011,16
3050,55396,STL,27,0,False,27,27,2011,16
3051,55399,SD,38,10,False,28,48,2011,16
3052,55400,PHI,7,20,True,13,27,2011,16
3053,55401,SF,17,19,True,2,36,2011,16
3054,55402,CHI,35,21,False,14,56,2011,16
3055,55403,ATL,45,16,False,29,61,2011,16
3056,55410,NYJ,19,17,False,2,36,2011,17
3057,55412,BUF,49,21,False,28,70,2011,17
3058,55405,BAL,16,24,True,8,40,2011,17
3059,55406,PIT,9,13,True,4,22,2011,17
3060,55408,TEN,22,23,True,1,45,2011,17
3061,55409,IND,19,13,False,6,32,2011,17
3062,55414,DAL,31,14,False,17,45,2011,17
3063,55415,WAS,34,10,False,24,44,2011,17
3064,55407,DET,45,41,False,4,86,2011,17
3065,55411,CHI,13,17,True,4,30,2011,17
3066,55404,TB,45,24,False,21,69,2011,17
3067,55413,CAR,45,17,False,28,62,2011,17
3068,55416,SF,27,34,True,7,61,2011,17
3069,55418,KC,3,7,True,4,10,2011,17
3070,55419,SD,26,38,True,12,64,2011,17
3071,55417,SEA,23,20,False,3,43,2011,17
3072,55504,DAL,17,24,True,7,41,2012,1
3073,55505,IND,41,21,False,20,62,2012,1
3074,55510,JAC,26,23,False,3,49,2012,1
3075,55512,BUF,48,28,False,20,76,2012,1
3076,55508,MIA,30,10,False,20,40,2012,1
3077,55513,NE,13,34,True,21,47,2012,1
3078,55507,STL,27,23,False,4,50,2012,1
3079,55511,WAS,32,40,True,8,72,2012,1
3080,55506,PHI,16,17,True,1,33,2012,1
3081,55509,ATL,24,40,True,16,64,2012,1
3082,55515,SF,22,30,True,8,52,2012,1
3083,55514,SEA,20,16,False,4,36,2012,1
3084,55516,CAR,16,10,False,6,26,2012,1
3085,55517,PIT,31,19,False,12,50,2012,1
3086,55518,CIN,44,13,False,31,57,2012,1
3087,55519,SD,14,22,True,8,36,2012,1
3088,55520,CHI,23,10,False,13,33,2012,2
3089,55527,TB,41,34,False,7,75,2012,2
3090,55522,NO,35,27,False,8,62,2012,2
3091,55526,ARI,18,20,True,2,38,2012,2
3092,55524,MIN,23,20,False,3,43,2012,2
3093,55528,BAL,24,23,False,1,47,2012,2
3094,55521,KC,35,17,False,18,52,2012,2
3095,55523,CLE,34,27,False,7,61,2012,2
3096,55525,HOU,7,27,True,20,34,2012,2
3097,55530,DAL,27,7,False,20,34,2012,2
3098,55529,WAS,31,28,False,3,59,2012,2
3099,55532,NYJ,27,10,False,17,37,2012,2
3100,55533,TEN,38,10,False,28,48,2012,2
3101,55531,OAK,35,13,False,22,48,2012,2
3102,55534,DET,27,19,False,8,46,2012,2
3103,55535,DEN,27,21,False,6,48,2012,2
3104,55536,NYG,7,36,True,29,43,2012,3
3105,55539,TB,16,10,False,6,26,2012,3
3106,55537,STL,23,6,False,17,29,2012,3
3107,55542,SF,24,13,False,11,37,2012,3
3108,55544,DET,44,41,False,3,85,2012,3
3109,55545,CIN,31,38,True,7,69,2012,3
3110,55543,KC,24,27,True,3,51,2012,3
3111,55541,NYJ,20,23,True,3,43,2012,3
3112,55538,BUF,14,24,True,10,38,2012,3
3113,55540,JAC,17,22,True,5,39,2012,3
3114,55546,PHI,27,6,False,21,33,2012,3
3115,55547,ATL,3,27,True,24,30,2012,3
3116,55548,HOU,25,31,True,6,56,2012,3
3117,55549,PIT,34,31,False,3,65,2012,3
3118,55550,NE,31,30,False,1,61,2012,3
3119,55551,GB,14,12,False,2,26,2012,3
3120,55552,CLE,23,16,False,7,39,2012,4
3121,55554,NE,28,52,True,24,80,2012,4
3122,55556,TEN,38,14,False,24,52,2012,4
3123,55558,SD,20,37,True,17,57,2012,4
3124,55555,MIN,13,20,True,7,33,2012,4
3125,55553,CAR,30,28,False,2,58,2012,4
3126,55560,SEA,19,13,False,6,32,2012,4
3127,55559,SF,0,34,True,34,34,2012,4
3128,55562,MIA,24,21,False,3,45,2012,4
3129,55563,OAK,37,6,False,31,43,2012,4
3130,55557,CIN,10,27,True,17,37,2012,4
3131,55564,NO,28,27,False,1,55,2012,4
3132,55561,WAS,22,24,True,2,46,2012,4
3133,55565,NYG,19,17,False,2,36,2012,4
3134,55566,CHI,18,34,True,16,52,2012,4
3135,55567,ARI,17,3,False,14,20,2012,5
3136,55574,ATL,17,24,True,7,41,2012,5
3137,55573,PHI,16,14,False,2,30,2012,5
3138,55569,GB,30,27,False,3,57,2012,5
3139,55572,CLE,41,27,False,14,68,2012,5
3140,55571,TEN,30,7,False,23,37,2012,5
3141,55568,MIA,13,17,True,4,30,2012,5
3142,55570,BAL,6,9,True,3,15,2012,5
3143,55575,SEA,12,16,True,4,28,2012,5
3144,55576,CHI,3,41,True,38,44,2012,5
3145,55577,DEN,31,21,False,10,52,2012,5
3146,55578,BUF,45,3,False,42,48,2012,5
3147,55579,SD,31,24,False,7,55,2012,5
3148,55580,HOU,17,23,True,6,40,2012,5
3149,55581,PIT,26,23,False,3,49,2012,6
3150,55582,OAK,23,20,False,3,43,2012,6
3151,55588,KC,38,10,False,28,48,2012,6
3152,55586,IND,35,9,False,26,44,2012,6
3153,55584,CIN,34,24,False,10,58,2012,6
3154,55587,DET,23,26,True,3,49,2012,6
3155,55585,STL,17,14,False,3,31,2012,6
3156,55583,DAL,31,29,False,2,60,2012,6
3157,55589,BUF,16,19,True,3,35,2012,6
3158,55590,NE,24,23,False,1,47,2012,6
3159,55591,NYG,3,26,True,23,29,2012,6
3160,55592,MIN,38,26,False,12,64,2012,6
3161,55593,GB,24,42,True,18,66,2012,6
3162,55594,DEN,24,35,True,11,59,2012,6
3163,55595,SEA,13,6,False,7,19,2012,7
3164,55601,WAS,27,23,False,4,50,2012,7
3165,55600,ARI,21,14,False,7,35,2012,7
3166,55597,DAL,14,19,True,5,33,2012,7
3167,55603,NO,28,35,True,7,63,2012,7
3168,55602,GB,20,30,True,10,50,2012,7
3169,55598,BAL,43,13,False,30,56,2012,7
3170,55599,CLE,17,13,False,4,30,2012,7
3171,55596,TEN,34,35,True,1,69,2012,7
3172,55604,NYJ,29,26,False,3,55,2012,7
3173,55605,JAC,26,23,False,3,49,2012,7
3174,55606,PIT,17,24,True,7,41,2012,7
3175,55607,DET,13,7,False,6,20,2012,7
3176,55608,TB,17,36,True,19,53,2012,8
3177,55612,JAC,24,15,False,9,39,2012,8
3178,55613,MIA,9,30,True,21,39,2012,8
3179,55610,SD,7,6,False,1,13,2012,8
3180,55617,IND,13,19,True,6,32,2012,8
3181,55616,NE,7,45,True,38,52,2012,8
3182,55614,ATL,17,30,True,13,47,2012,8
3183,55609,CAR,23,22,False,1,45,2012,8
3184,55611,SEA,28,24,False,4,52,2012,8
3185,55615,WAS,27,12,False,15,39,2012,8
3186,55618,OAK,16,26,True,10,42,2012,8
3187,55619,NYG,24,29,True,5,53,2012,8
3188,55620,NO,34,14,False,20,48,2012,8
3189,55621,SF,3,24,True,21,27,2012,8
3190,55622,KC,31,13,False,18,44,2012,9
3191,55630,CAR,13,21,True,8,34,2012,9
3192,55625,ARI,31,17,False,14,48,2012,9
3193,55628,DET,14,31,True,17,45,2012,9
3194,55629,CHI,20,51,True,31,71,2012,9
3195,55623,DEN,23,31,True,8,54,2012,9
3196,55624,BAL,15,25,True,10,40,2012,9
3197,55626,BUF,21,9,False,12,30,2012,9
3198,55627,MIA,23,20,False,3,43,2012,9
3199,55632,MIN,30,20,False,10,50,2012,9
3200,55631,TB,32,42,True,10,74,2012,9
3201,55633,PIT,20,24,True,4,44,2012,9
3202,55634,DAL,19,13,False,6,32,2012,9
3203,55635,PHI,28,13,False,15,41,2012,9
3204,55636,IND,10,27,True,17,37,2012,10
3205,55638,DEN,14,36,True,22,50,2012,10
3206,55644,SD,34,24,False,10,58,2012,10
3207,55640,TEN,3,37,True,34,40,2012,10
3208,55642,BUF,37,31,False,6,68,2012,10
3209,55637,OAK,55,20,False,35,75,2012,10
3210,55639,NYG,31,13,False,18,44,2012,10
3211,55643,ATL,31,27,False,4,58,2012,10
3212,55641,DET,34,24,False,10,58,2012,10
3213,55645,NYJ,28,7,False,21,35,2012,10
3214,55646,DAL,23,38,True,15,61,2012,10
3215,55647,STL,24,24,False,0,48,2012,10
3216,55648,HOU,6,13,True,7,19,2012,10
3217,55649,KC,16,13,False,3,29,2012,10
3218,55650,MIA,19,14,False,5,33,2012,11
3219,55659,PHI,31,6,False,25,37,2012,11
3220,55654,GB,20,24,True,4,44,2012,11
3221,55651,ARI,23,19,False,4,42,2012,11
3222,55652,TB,21,27,True,6,48,2012,11
3223,55653,CLE,23,20,False,3,43,2012,11
3224,55658,NYJ,13,27,True,14,40,2012,11
3225,55657,IND,59,24,False,35,83,2012,11
3226,55655,JAC,43,37,False,6,80,2012,11
3227,55656,CIN,6,28,True,22,34,2012,11
3228,55660,NO,17,38,True,21,55,2012,11
3229,55661,SD,30,23,False,7,53,2012,11
3230,55662,BAL,10,13,True,3,23,2012,11
3231,55663,CHI,32,7,False,25,39,2012,11
3232,55664,HOU,31,34,True,3,65,2012,12
3233,55665,WAS,31,38,True,7,69,2012,12
3234,55666,NE,19,49,True,30,68,2012,12
3235,55668,OAK,34,10,False,24,44,2012,12
3236,55669,PIT,20,14,False,6,34,2012,12
3237,55670,BUF,20,13,False,7,33,2012,12
3238,55671,TEN,24,19,False,5,43,2012,12
3239,55672,DEN,9,17,True,8,26,2012,12
3240,55667,MIN,28,10,False,18,38,2012,12
3241,55674,ATL,23,24,True,1,47,2012,12
3242,55673,SEA,24,21,False,3,45,2012,12
3243,55675,BAL,13,16,True,3,29,2012,12
3244,55677,SF,21,31,True,10,52,2012,12
3245,55676,STL,17,31,True,14,48,2012,12
3246,55678,GB,38,10,False,28,48,2012,12
3247,55679,CAR,22,30,True,8,52,2012,12
3248,55680,NO,23,13,False,10,36,2012,13
3249,55682,SEA,17,23,True,6,40,2012,13
3250,55684,MIN,23,14,False,9,37,2012,13
3251,55688,SF,16,13,False,3,29,2012,13
3252,55687,ARI,7,6,False,1,13,2012,13
3253,55685,CAR,27,21,False,6,48,2012,13
3254,55683,IND,33,35,True,2,68,2012,13
3255,55681,JAC,34,18,False,16,52,2012,13
3256,55686,NE,16,23,True,7,39,2012,13
3257,55689,HOU,10,24,True,14,34,2012,13
3258,55690,TB,31,23,False,8,54,2012,13
3259,55691,PIT,20,23,True,3,43,2012,13
3260,55692,CLE,17,20,True,3,37,2012,13
3261,55693,CIN,13,20,True,7,33,2012,13
3262,55694,PHI,38,33,False,5,71,2012,13
3263,55695,NYG,17,16,False,1,33,2012,13
3264,55696,DEN,13,26,True,13,39,2012,14
3265,55706,BAL,31,28,False,3,59,2012,14
3266,55700,KC,30,7,False,23,37,2012,14
3267,55704,SD,24,34,True,10,58,2012,14
3268,55701,TEN,27,23,False,4,50,2012,14
3269,55702,NYJ,10,17,True,7,27,2012,14
3270,55703,CHI,21,14,False,7,35,2012,14
3271,55698,ATL,30,20,False,10,50,2012,14
3272,55705,PHI,21,23,True,2,44,2012,14
3273,55697,STL,12,15,True,3,27,2012,14
3274,55699,DAL,19,20,True,1,39,2012,14
3275,55707,MIA,27,13,False,14,40,2012,14
3276,55708,NO,52,27,False,25,79,2012,14
3277,55709,ARI,58,0,False,58,58,2012,14
3278,55710,DET,27,20,False,7,47,2012,14
3279,55711,HOU,42,14,False,28,56,2012,14
3280,55712,CIN,13,34,True,21,47,2012,15
3281,55715,GB,13,21,True,8,34,2012,15
3282,55713,NYG,34,0,False,34,34,2012,15
3283,55719,TB,41,0,False,41,41,2012,15
3284,55720,MIN,22,36,True,14,58,2012,15
3285,55716,WAS,21,38,True,17,59,2012,15
3286,55718,JAC,24,3,False,21,27,2012,15
3287,55714,DEN,17,34,True,17,51,2012,15
3288,55717,IND,29,17,False,12,46,2012,15
3289,55721,DET,38,10,False,28,48,2012,15
3290,55723,CAR,7,31,True,24,38,2012,15
3291,55722,SEA,17,50,True,33,67,2012,15
3292,55724,PIT,27,24,False,3,51,2012,15
3293,55725,KC,15,0,False,15,15,2012,15
3294,55726,SF,34,41,True,7,75,2012,15
3295,55727,NYJ,14,10,False,4,24,2012,15
3296,55728,ATL,18,31,True,13,49,2012,16
3297,55732,TEN,55,7,False,48,62,2012,16
3298,55730,OAK,17,6,False,11,23,2012,16
3299,55736,BUF,24,10,False,14,34,2012,16
3300,55738,CIN,10,13,True,3,23,2012,16
3301,55734,NE,16,23,True,7,39,2012,16
3302,55735,IND,13,20,True,7,33,2012,16
3303,55731,NO,31,34,True,3,65,2012,16
3304,55737,WAS,20,27,True,7,47,2012,16
3305,55739,STL,13,28,True,15,41,2012,16
3306,55729,NYG,33,14,False,19,47,2012,16
3307,55733,MIN,6,23,True,17,29,2012,16
3308,55740,CLE,34,12,False,22,46,2012,16
3309,55741,CHI,13,28,True,15,41,2012,16
3310,55742,SF,42,13,False,29,55,2012,16
3311,55743,SD,17,27,True,10,44,2012,16
3312,55745,NYJ,28,9,False,19,37,2012,17
3313,55750,MIA,28,0,False,28,28,2012,17
3314,55746,BAL,23,17,False,6,40,2012,17
3315,55753,CLE,24,10,False,14,34,2012,17
3316,55748,HOU,28,16,False,12,44,2012,17
3317,55754,JAC,38,20,False,18,58,2012,17
3318,55752,PHI,42,7,False,35,49,2012,17
3319,55755,DAL,28,18,False,10,46,2012,17
3320,55747,CHI,24,26,True,2,50,2012,17
3321,55749,GB,37,34,False,3,71,2012,17
3322,55744,TB,17,22,True,5,39,2012,17
3323,55751,CAR,38,44,True,6,82,2012,17
3324,55756,KC,38,3,False,35,41,2012,17
3325,55757,OAK,24,21,False,3,45,2012,17
3326,55758,ARI,27,13,False,14,40,2012,17
3327,55759,STL,20,13,False,7,33,2012,17
3328,55837,BAL,49,27,False,22,76,2013,1
3329,55838,NE,21,23,True,2,44,2013,1
3330,55839,SEA,7,12,True,5,19,2013,1
3331,55840,CIN,24,21,False,3,45,2013,1
3332,55841,MIA,10,23,True,13,33,2013,1
3333,55842,MIN,34,24,False,10,58,2013,1
3334,55843,OAK,21,17,False,4,38,2013,1
3335,55844,KC,2,28,True,26,30,2013,1
3336,55846,TB,18,17,False,1,35,2013,1
3337,55845,ATL,23,17,False,6,40,2013,1
3338,55847,TEN,9,16,True,7,25,2013,1
3339,55848,ARI,27,24,False,3,51,2013,1
3340,55849,GB,34,28,False,6,62,2013,1
3341,55850,NYG,36,31,False,5,67,2013,1
3342,55851,PHI,27,33,True,6,60,2013,1
3343,55852,HOU,28,31,True,3,59,2013,1
3344,55853,NYJ,13,10,False,3,23,2013,2
3345,55854,STL,31,24,False,7,55,2013,2
3346,55855,CLE,14,6,False,8,20,2013,2
3347,55856,CAR,24,23,False,1,47,2013,2
3348,55857,MIN,31,30,False,1,61,2013,2
3349,55858,WAS,38,20,False,18,58,2013,2
3350,55859,TEN,30,24,False,6,54,2013,2
3351,55860,MIA,20,24,True,4,44,2013,2
3352,55861,DAL,17,16,False,1,33,2013,2
3353,55862,SD,30,33,True,3,63,2013,2
3354,55863,DET,25,21,False,4,46,2013,2
3355,55864,NO,14,16,True,2,30,2013,2
3356,55865,DEN,23,41,True,18,64,2013,2
3357,55866,JAC,19,9,False,10,28,2013,2
3358,55867,SF,29,3,False,26,32,2013,2
3359,55868,PIT,20,10,False,10,30,2013,2
3360,55869,KC,16,26,True,10,42,2013,3
3361,55870,HOU,30,9,False,21,39,2013,3
3362,55871,GB,34,30,False,4,64,2013,3
3363,55873,STL,31,7,False,24,38,2013,3
3364,55879,ATL,27,23,False,4,50,2013,3
3365,55874,CLE,27,31,True,4,58,2013,3
3366,55880,BUF,27,20,False,7,47,2013,3
3367,55875,TB,23,3,False,20,26,2013,3
3368,55876,ARI,31,7,False,24,38,2013,3
3369,55877,SD,20,17,False,3,37,2013,3
3370,55878,DET,20,27,True,7,47,2013,3
3371,55872,NYG,38,0,False,38,38,2013,3
3372,55881,IND,7,27,True,20,34,2013,3
3373,55882,JAC,45,17,False,28,62,2013,3
3374,55883,CHI,23,40,True,17,63,2013,3
3375,55884,OAK,37,21,False,16,58,2013,3
3376,55885,SF,11,35,True,24,46,2013,4
3377,55886,BAL,23,20,False,3,43,2013,4
3378,55887,CIN,17,6,False,11,23,2013,4
3379,55888,CHI,40,32,False,8,72,2013,4
3380,55889,SEA,20,23,True,3,43,2013,4
3381,55890,IND,3,37,True,34,40,2013,4
3382,55891,NYG,31,7,False,24,38,2013,4
3383,55892,PIT,34,27,False,7,61,2013,4
3384,55893,ARI,10,13,True,3,23,2013,4
3385,55894,NYJ,38,13,False,25,51,2013,4
3386,55895,PHI,52,20,False,32,72,2013,4
3387,55896,WAS,14,24,True,10,38,2013,4
3388,55897,DAL,30,21,False,9,51,2013,4
3389,55898,NE,23,30,True,7,53,2013,4
3390,55899,MIA,38,17,False,21,55,2013,4
3391,55900,BUF,37,24,False,13,61,2013,5
3392,55901,NO,18,26,True,8,44,2013,5
3393,55902,NE,13,6,False,7,19,2013,5
3394,55903,DET,22,9,False,13,31,2013,5
3395,55904,SEA,34,28,False,6,62,2013,5
3396,55905,BAL,23,26,True,3,49,2013,5
3397,55906,PHI,21,36,True,15,57,2013,5
3398,55907,JAC,34,20,False,14,54,2013,5
3399,55908,KC,17,26,True,9,43,2013,5
3400,55909,CAR,22,6,False,16,28,2013,5
3401,55910,DEN,48,51,True,3,99,2013,5
3402,55911,SD,27,17,False,10,44,2013,5
3403,55912,HOU,34,3,False,31,37,2013,5
3404,55913,NYJ,28,30,True,2,58,2013,5
3405,55914,NYG,27,21,False,6,48,2013,6
3406,55915,GB,17,19,True,2,36,2013,6
3407,55916,CIN,24,27,True,3,51,2013,6
3408,55917,DET,17,31,True,14,48,2013,6
3409,55918,STL,13,38,True,25,51,2013,6
3410,55919,OAK,24,7,False,17,31,2013,6
3411,55920,CAR,10,35,True,25,45,2013,6
3412,55921,PIT,6,19,True,13,25,2013,6
3413,55922,PHI,20,31,True,11,51,2013,6
3414,55923,JAC,35,19,False,16,54,2013,6
3415,55924,TEN,20,13,False,7,33,2013,6
3416,55925,NO,30,27,False,3,57,2013,6
3417,55926,ARI,32,20,False,12,52,2013,6
3418,55927,WAS,31,16,False,15,47,2013,6
3419,55928,IND,19,9,False,10,28,2013,6
3420,55929,SEA,22,34,True,12,56,2013,7
3421,55930,TB,31,23,False,8,54,2013,7
3422,55931,STL,30,15,False,15,45,2013,7
3423,55932,CIN,24,27,True,3,51,2013,7
3424,55940,CLE,31,13,False,18,44,2013,7
3425,55933,SD,6,24,True,18,30,2013,7
3426,55934,HOU,17,16,False,1,33,2013,7
3427,55935,BUF,21,23,True,2,44,2013,7
3428,55936,NE,30,27,False,3,57,2013,7
3429,55937,DAL,3,17,True,14,20,2013,7
3430,55938,CHI,45,41,False,4,86,2013,7
3431,55939,SF,17,31,True,14,48,2013,7
3432,55941,BAL,19,16,False,3,35,2013,7
3433,55942,DEN,39,33,False,6,72,2013,7
3434,55943,MIN,23,7,False,16,30,2013,7
3435,55944,CAR,13,31,True,18,44,2013,8
3436,55945,DAL,31,30,False,1,61,2013,8
3437,55946,SF,10,42,True,32,52,2013,8
3438,55947,CLE,23,17,False,6,40,2013,8
3439,55948,MIA,27,17,False,10,44,2013,8
3440,55949,BUF,35,17,False,18,52,2013,8
3441,55950,NYG,7,15,True,8,22,2013,8
3442,55951,PIT,21,18,False,3,39,2013,8
3443,55952,NYJ,49,9,False,40,58,2013,8
3444,55953,ATL,27,13,False,14,40,2013,8
3445,55954,WAS,45,21,False,24,66,2013,8
3446,55955,GB,31,44,True,13,75,2013,8
3447,55956,SEA,9,14,True,5,23,2013,8
3448,55957,CIN,22,20,False,2,42,2013,9
3449,55958,KC,13,23,True,10,36,2013,9
3450,55959,ATL,34,10,False,24,44,2013,9
3451,55960,MIN,27,23,False,4,50,2013,9
3452,55961,NO,26,20,False,6,46,2013,9
3453,55962,TEN,21,28,True,7,49,2013,9
3454,55963,SD,30,24,False,6,54,2013,9
3455,55964,PHI,20,49,True,29,69,2013,9
3456,55965,TB,27,24,False,3,51,2013,9
3457,55966,BAL,24,18,False,6,42,2013,9
3458,55967,PIT,55,31,False,24,86,2013,9
3459,55968,IND,24,27,True,3,51,2013,9
3460,55969,CHI,20,27,True,7,47,2013,9
3461,55970,WAS,34,27,False,7,61,2013,10
3462,55971,SEA,10,33,True,23,43,2013,10
3463,55972,CIN,20,17,False,3,37,2013,10
3464,55973,DET,19,21,True,2,40,2013,10
3465,55974,PHI,13,27,True,14,40,2013,10
3466,55975,STL,8,38,True,30,46,2013,10
3467,55976,OAK,24,20,False,4,44,2013,10
3468,55977,BUF,23,10,False,13,33,2013,10
3469,55978,JAC,27,29,True,2,56,2013,10
3470,55979,CAR,9,10,True,1,19,2013,10
3471,55980,HOU,27,24,False,3,51,2013,10
3472,55981,DEN,20,28,True,8,48,2013,10
3473,55982,DAL,49,17,False,32,66,2013,10
3474,55983,MIA,22,19,False,3,41,2013,10
3475,55984,IND,27,30,True,3,57,2013,11
3476,55985,NYJ,37,14,False,23,51,2013,11
3477,55986,BAL,23,20,False,3,43,2013,11
3478,55987,CLE,41,20,False,21,61,2013,11
3479,55988,OAK,23,28,True,5,51,2013,11
3480,55989,ARI,14,27,True,13,41,2013,11
3481,55990,SD,20,16,False,4,36,2013,11
3482,55991,WAS,24,16,False,8,40,2013,11
3483,55992,DET,37,27,False,10,64,2013,11
3484,55993,ATL,41,28,False,13,69,2013,11
3485,55994,KC,27,17,False,10,44,2013,11
3486,55995,SF,23,20,False,3,43,2013,11
3487,55996,MIN,41,20,False,21,61,2013,11
3488,55997,GB,27,13,False,14,40,2013,11
3489,55998,NE,24,20,False,4,44,2013,11
3490,55999,NO,13,17,True,4,30,2013,12
3491,56000,NYJ,19,3,False,16,22,2013,12
3492,56001,PIT,11,27,True,16,38,2013,12
3493,56002,TB,21,24,True,3,45,2013,12
3494,56003,MIN,26,26,False,0,52,2013,12
3495,56004,JAC,6,13,True,7,19,2013,12
3496,56005,SD,38,41,True,3,79,2013,12
3497,56006,CAR,16,20,True,4,36,2013,12
3498,56007,CHI,42,21,False,21,63,2013,12
3499,56008,IND,40,11,False,29,51,2013,12
3500,56009,TEN,19,23,True,4,42,2013,12
3501,56010,DAL,21,24,True,3,45,2013,12
3502,56011,DEN,34,31,False,3,65,2013,12
3503,56012,SF,6,27,True,21,33,2013,12
3504,56013,GB,40,10,False,30,50,2013,13
3505,56014,OAK,31,24,False,7,55,2013,13
3506,56015,PIT,22,20,False,2,42,2013,13
3507,56016,TB,27,6,False,21,33,2013,13
3508,56017,JAC,28,32,True,4,60,2013,13
3509,56018,TEN,22,14,False,8,36,2013,13
3510,56019,DEN,28,35,True,7,63,2013,13
3511,56020,CHI,23,20,False,3,43,2013,13
3512,56021,MIA,3,23,True,20,26,2013,13
3513,56022,ARI,24,21,False,3,45,2013,13
3514,56023,ATL,31,34,True,3,65,2013,13
3515,56024,STL,23,13,False,10,36,2013,13
3516,56025,NE,31,34,True,3,65,2013,13
3517,56026,CIN,10,17,True,7,27,2013,13
3518,56027,NYG,17,24,True,7,41,2013,13
3519,56028,NO,34,7,False,27,41,2013,13
3520,56029,HOU,27,20,False,7,47,2013,14
3521,56030,MIN,29,26,False,3,55,2013,14
3522,56031,IND,42,28,False,14,70,2013,14
3523,56032,CLE,27,26,False,1,53,2013,14
3524,56033,OAK,37,27,False,10,64,2013,14
3525,56034,CAR,31,13,False,18,44,2013,14
3526,56035,DET,34,20,False,14,54,2013,14
3527,56036,MIA,28,34,True,6,62,2013,14
3528,56037,BUF,27,6,False,21,33,2013,14
3529,56038,KC,10,45,True,35,55,2013,14
3530,56039,TEN,51,28,False,23,79,2013,14
3531,56040,STL,30,10,False,20,40,2013,14
3532,56041,NYG,37,14,False,23,51,2013,14
3533,56042,SEA,19,17,False,2,36,2013,14
3534,56043,ATL,22,21,False,1,43,2013,14
3535,56044,DAL,45,28,False,17,73,2013,14
3536,56045,SD,20,27,True,7,47,2013,15
3537,56046,WAS,27,26,False,1,53,2013,15
3538,56047,CHI,31,38,True,7,69,2013,15
3539,56048,HOU,25,3,False,22,28,2013,15
3540,56049,BUF,20,27,True,7,47,2013,15
3541,56050,NE,24,20,False,4,44,2013,15
3542,56051,PHI,48,30,False,18,78,2013,15
3543,56052,SEA,0,23,True,23,23,2013,15
3544,56053,NO,27,16,False,11,43,2013,15
3545,56054,SF,14,33,True,19,47,2013,15
3546,56055,ARI,34,37,True,3,71,2013,15
3547,56056,NYJ,30,20,False,10,50,2013,15
3548,56057,KC,31,56,True,25,87,2013,15
3549,56058,GB,36,37,True,1,73,2013,15
3550,56059,CIN,30,20,False,10,50,2013,15
3551,56060,BAL,16,18,True,2,34,2013,15
3552,56061,MIA,19,0,False,19,19,2013,16
3553,56062,NO,17,13,False,4,30,2013,16
3554,56063,MIN,42,14,False,28,56,2013,16
3555,56064,DEN,13,37,True,24,50,2013,16
3556,56065,TEN,16,20,True,4,36,2013,16
3557,56066,IND,7,23,True,16,30,2013,16
3558,56067,CLE,24,13,False,11,37,2013,16
3559,56068,CHI,54,11,False,43,65,2013,16
3560,56069,TB,23,13,False,10,36,2013,16
3561,56070,DAL,23,24,True,1,47,2013,16
3562,56071,NYG,20,23,True,3,43,2013,16
3563,56072,ARI,10,17,True,7,27,2013,16
3564,56073,PIT,31,38,True,7,69,2013,16
3565,56074,OAK,26,13,False,13,39,2013,16
3566,56075,NE,7,41,True,34,48,2013,16
3567,56076,ATL,34,24,False,10,58,2013,16
3568,56077,CAR,20,21,True,1,41,2013,17
3569,56078,GB,28,33,True,5,61,2013,17
3570,56079,BAL,34,17,False,17,51,2013,17
3571,56080,PHI,22,24,True,2,46,2013,17
3572,56081,JAC,30,10,False,20,40,2013,17
3573,56082,NYJ,7,20,True,13,27,2013,17
3574,56083,DET,14,13,False,1,27,2013,17
3575,56084,BUF,34,20,False,14,54,2013,17
3576,56085,TB,42,17,False,25,59,2013,17
3577,56086,WAS,20,6,False,14,26,2013,17
3578,56087,CLE,20,7,False,13,27,2013,17
3579,56088,HOU,16,10,False,6,26,2013,17
3580,56089,SF,20,23,True,3,43,2013,17
3581,56090,DEN,14,34,True,20,48,2013,17
3582,56091,KC,27,24,False,3,51,2013,17
3583,56092,STL,27,9,False,18,36,2013,17
3584,56170,GB,36,16,False,20,52,2014,1
3585,56171,NO,37,34,False,3,71,2014,1
3586,56172,CIN,16,23,True,7,39,2014,1
3587,56173,BUF,20,23,True,3,43,2014,1
3588,56174,WAS,17,6,False,11,23,2014,1
3589,56175,TEN,10,26,True,16,36,2014,1
3590,56176,NE,33,20,False,13,53,2014,1
3591,56177,OAK,19,14,False,5,33,2014,1
3592,56178,JAC,34,17,False,17,51,2014,1
3593,56179,CLE,30,27,False,3,57,2014,1
3594,56180,MIN,6,34,True,28,40,2014,1
3595,56181,SF,17,28,True,11,45,2014,1
3596,56182,CAR,14,20,True,6,34,2014,1
3597,56183,IND,31,24,False,7,55,2014,1
3598,56184,NYG,35,14,False,21,49,2014,1
3599,56185,SD,18,17,False,1,35,2014,1
3600,56186,PIT,26,6,False,20,32,2014,2
3601,56187,MIA,29,10,False,19,39,2014,2
3602,56188,DET,24,7,False,17,31,2014,2
3603,56189,ATL,24,10,False,14,34,2014,2
3604,56190,NO,26,24,False,2,50,2014,2
3605,56191,NE,7,30,True,23,37,2014,2
3606,56192,ARI,14,25,True,11,39,2014,2
3607,56193,DAL,10,26,True,16,36,2014,2
3608,56194,JAC,41,10,False,31,51,2014,2
3609,56195,SEA,30,21,False,9,51,2014,2
3610,56196,STL,17,19,True,2,36,2014,2
3611,56197,KC,24,17,False,7,41,2014,2
3612,56198,NYJ,31,24,False,7,55,2014,2
3613,56199,HOU,14,30,True,16,44,2014,2
3614,56200,CHI,20,28,True,8,48,2014,2
3615,56201,PHI,27,30,True,3,57,2014,2
3616,56202,TB,56,14,False,42,70,2014,3
3617,56203,SD,10,22,True,12,32,2014,3
3618,56204,TEN,33,7,False,26,40,2014,3
3619,56205,BAL,21,23,True,2,44,2014,3
3620,56206,GB,19,7,False,12,26,2014,3
3621,56207,IND,17,44,True,27,61,2014,3
3622,56208,OAK,16,9,False,7,25,2014,3
3623,56209,MIN,20,9,False,11,29,2014,3
3624,56210,HOU,30,17,False,13,47,2014,3
3625,56211,WAS,37,34,False,3,71,2014,3
3626,56212,DAL,31,34,True,3,65,2014,3
3627,56213,SF,23,14,False,9,37,2014,3
3628,56214,KC,15,34,True,19,49,2014,3
3629,56215,DEN,26,20,False,6,46,2014,3
3630,56216,PIT,19,37,True,18,56,2014,3
3631,56217,CHI,19,27,True,8,46,2014,3
3632,56218,NYG,14,45,True,31,59,2014,4
3633,56219,CAR,38,10,False,28,48,2014,4
3634,56220,GB,17,38,True,21,55,2014,4
3635,56221,BUF,23,17,False,6,40,2014,4
3636,56222,TEN,41,17,False,24,58,2014,4
3637,56227,ATL,41,28,False,13,69,2014,4
3638,56223,DET,17,24,True,7,41,2014,4
3639,56224,MIA,14,38,True,24,52,2014,4
3640,56225,TB,24,27,True,3,51,2014,4
3641,56226,JAC,33,14,False,19,47,2014,4
3642,56228,PHI,26,21,False,5,47,2014,4
3643,56229,NO,38,17,False,21,55,2014,4
3644,56230,NE,41,14,False,27,55,2014,4
3645,56231,MIN,42,10,False,32,52,2014,5
3646,56232,CHI,31,24,False,7,55,2014,5
3647,56233,HOU,20,17,False,3,37,2014,5
3648,56234,BUF,14,17,True,3,31,2014,5
3649,56235,BAL,20,13,False,7,33,2014,5
3650,56236,PIT,9,17,True,8,26,2014,5
3651,56237,TB,37,31,False,6,68,2014,5
3652,56238,ATL,30,20,False,10,50,2014,5
3653,56239,STL,34,28,False,6,62,2014,5
3654,56240,CLE,28,29,True,1,57,2014,5
3655,56241,ARI,41,20,False,21,61,2014,5
3656,56242,NYJ,31,0,False,31,31,2014,5
3657,56243,KC,22,17,False,5,39,2014,5
3658,56244,CIN,43,17,False,26,60,2014,5
3659,56245,SEA,17,27,True,10,44,2014,5
3660,56246,IND,28,33,True,5,61,2014,6
3661,56247,CHI,13,27,True,14,40,2014,6
3662,56248,NE,22,37,True,15,59,2014,6
3663,56249,CAR,37,37,False,0,74,2014,6
3664,56250,PIT,31,10,False,21,41,2014,6
3665,56251,GB,24,27,True,3,51,2014,6
3666,56252,DET,3,17,True,14,20,2014,6
3667,56253,DEN,17,31,True,14,48,2014,6
3668,56254,BAL,17,48,True,31,65,2014,6
3669,56255,JAC,16,14,False,2,30,2014,6
3670,56256,SD,28,31,True,3,59,2014,6
3671,56257,WAS,30,20,False,10,50,2014,6
3672,56258,DAL,23,30,True,7,53,2014,6
3673,56259,NYG,27,0,False,27,27,2014,6
3674,56260,SF,17,31,True,14,48,2014,6
3675,56261,NYJ,27,25,False,2,52,2014,7
3676,56262,ATL,29,7,False,22,36,2014,7
3677,56263,MIN,17,16,False,1,33,2014,7
3678,56264,MIA,14,27,True,13,41,2014,7
3679,56265,NO,24,23,False,1,47,2014,7
3680,56266,CAR,38,17,False,21,55,2014,7
3681,56267,CIN,27,0,False,27,27,2014,7
3682,56268,CLE,24,6,False,18,30,2014,7
3683,56269,SEA,28,26,False,2,54,2014,7
3684,56270,TEN,19,17,False,2,36,2014,7
3685,56271,KC,20,23,True,3,43,2014,7
3686,56272,NYG,31,21,False,10,52,2014,7
3687,56273,ARI,13,24,True,11,37,2014,7
3688,56274,SF,42,17,False,25,59,2014,7
3689,56275,HOU,30,23,False,7,53,2014,7
3690,56276,SD,35,21,False,14,56,2014,8
3691,56277,DET,21,22,True,1,43,2014,8
3692,56278,SEA,9,13,True,4,22,2014,8
3693,56279,BAL,27,24,False,3,51,2014,8
3694,56280,MIA,13,27,True,14,40,2014,8
3695,56281,STL,34,7,False,27,41,2014,8
3696,56282,CHI,51,23,False,28,74,2014,8
3697,56283,BUF,23,43,True,20,66,2014,8
3698,56284,MIN,13,19,True,6,32,2014,8
3699,56285,HOU,16,30,True,14,46,2014,8
3700,56286,PHI,24,20,False,4,44,2014,8
3701,56287,OAK,23,13,False,10,36,2014,8
3702,56288,IND,51,34,False,17,85,2014,8
3703,56289,GB,44,23,False,21,67,2014,8
3704,56290,WAS,17,20,True,3,37,2014,8
3705,56291,NO,10,28,True,18,38,2014,9
3706,56292,JAC,33,23,False,10,56,2014,9
3707,56293,TB,22,17,False,5,39,2014,9
3708,56294,ARI,17,28,True,11,45,2014,9
3709,56295,PHI,21,31,True,10,52,2014,9
3710,56296,NYJ,24,10,False,14,34,2014,9
3711,56297,SD,37,0,False,37,37,2014,9
3712,56298,WAS,29,26,False,3,55,2014,9
3713,56299,STL,10,13,True,3,23,2014,9
3714,56300,DEN,43,21,False,22,64,2014,9
3715,56301,OAK,30,24,False,6,54,2014,9
3716,56302,BAL,43,23,False,20,66,2014,9
3717,56303,IND,24,40,True,16,64,2014,9
3718,56304,CLE,3,24,True,21,27,2014,10
3719,56305,TEN,21,7,False,14,28,2014,10
3720,56306,KC,13,17,True,4,30,2014,10
3721,56307,MIA,20,16,False,4,36,2014,10
3722,56308,DAL,17,31,True,14,48,2014,10
3723,56309,SF,24,27,True,3,51,2014,10
3724,56310,PIT,20,13,False,7,33,2014,10
3725,56311,ATL,17,27,True,10,44,2014,10
3726,56312,DEN,17,41,True,24,58,2014,10
3727,56313,STL,31,14,False,17,45,2014,10
3728,56314,NYG,38,17,False,21,55,2014,10
3729,56315,CHI,55,14,False,41,69,2014,10
3730,56316,CAR,45,21,False,24,66,2014,10
3731,56317,BUF,22,9,False,13,31,2014,11
3732,56318,ATL,17,19,True,2,36,2014,11
3733,56319,MIN,21,13,False,8,34,2014,11
3734,56320,HOU,7,23,True,16,30,2014,11
3735,56321,PHI,53,20,False,33,73,2014,11
3736,56322,SEA,24,20,False,4,44,2014,11
3737,56323,CIN,10,27,True,17,37,2014,11
3738,56324,SF,10,16,True,6,26,2014,11
3739,56325,DEN,22,7,False,15,29,2014,11
3740,56326,TB,7,27,True,20,34,2014,11
3741,56327,OAK,13,6,False,7,19,2014,11
3742,56328,DET,14,6,False,8,20,2014,11
3743,56329,NE,20,42,True,22,62,2014,11
3744,56330,PIT,24,27,True,3,51,2014,11
3745,56331,KC,24,20,False,4,44,2014,12
3746,56332,CLE,24,26,True,2,50,2014,12
3747,56333,NYJ,38,3,False,35,41,2014,12
3748,56334,TB,21,13,False,8,34,2014,12
3749,56335,CIN,13,22,True,9,35,2014,12
3750,56336,JAC,23,3,False,20,26,2014,12
3751,56337,GB,21,24,True,3,45,2014,12
3752,56338,DET,34,9,False,25,43,2014,12
3753,56339,TEN,43,24,False,19,67,2014,12
3754,56340,STL,27,24,False,3,51,2014,12
3755,56341,ARI,19,3,False,16,22,2014,12
3756,56342,MIA,39,36,False,3,75,2014,12
3757,56343,WAS,17,13,False,4,30,2014,12
3758,56344,DAL,28,31,True,3,59,2014,12
3759,56345,BAL,27,34,True,7,61,2014,12
3760,56346,CHI,34,17,False,17,51,2014,13
3761,56347,PHI,10,33,True,23,43,2014,13
3762,56348,SEA,3,19,True,16,22,2014,13
3763,56349,SD,33,34,True,1,67,2014,13
3764,56350,CLE,26,10,False,16,36,2014,13
3765,56351,TEN,45,21,False,24,66,2014,13
3766,56352,WAS,49,27,False,22,76,2014,13
3767,56353,NYG,25,24,False,1,49,2014,13
3768,56354,CAR,31,13,False,18,44,2014,13
3769,56355,NO,32,35,True,3,67,2014,13
3770,56356,OAK,52,0,False,52,52,2014,13
3771,56357,CIN,13,14,True,1,27,2014,13
3772,56358,ARI,29,18,False,11,47,2014,13
3773,56359,NE,26,21,False,5,47,2014,13
3774,56360,DEN,16,29,True,13,45,2014,13
3775,56361,MIA,13,16,True,3,29,2014,13
3776,56362,DAL,28,41,True,13,69,2014,14
3777,56363,PIT,21,42,True,21,63,2014,14
3778,56364,IND,24,25,True,1,49,2014,14
3779,56365,TB,34,17,False,17,51,2014,14
3780,56366,HOU,13,27,True,14,40,2014,14
3781,56367,BAL,13,28,True,15,41,2014,14
3782,56368,NYJ,30,24,False,6,54,2014,14
3783,56369,CAR,10,41,True,31,51,2014,14
3784,56370,NYG,7,36,True,29,43,2014,14
3785,56371,STL,0,24,True,24,24,2014,14
3786,56372,KC,17,14,False,3,31,2014,14
3787,56373,BUF,24,17,False,7,41,2014,14
3788,56374,SF,24,13,False,11,37,2014,14
3789,56375,SEA,14,24,True,10,38,2014,14
3790,56376,NE,14,23,True,9,37,2014,14
3791,56377,ATL,43,37,False,6,80,2014,14
3792,56378,ARI,6,12,True,6,18,2014,15
3793,56379,PIT,20,27,True,7,47,2014,15
3794,56380,JAC,20,12,False,8,32,2014,15
3795,56381,GB,21,13,False,8,34,2014,15
3796,56382,TB,19,17,False,2,36,2014,15
3797,56383,CIN,0,30,True,30,30,2014,15
3798,56384,MIN,16,14,False,2,30,2014,15
3799,56385,HOU,17,10,False,7,27,2014,15
3800,56386,OAK,31,13,False,18,44,2014,15
3801,56387,MIA,41,13,False,28,54,2014,15
3802,56388,WAS,24,13,False,11,37,2014,15
3803,56389,DEN,10,22,True,12,32,2014,15
3804,56390,NYJ,11,16,True,5,27,2014,15
3805,56391,SF,17,7,False,10,24,2014,15
3806,56392,DAL,27,38,True,11,65,2014,15
3807,56393,NO,15,31,True,16,46,2014,15
3808,56394,TEN,21,13,False,8,34,2014,16
3809,56396,PHI,27,24,False,3,51,2014,16
3810,56395,SD,35,38,True,3,73,2014,16
3811,56397,CLE,17,13,False,4,30,2014,16
3812,56398,DET,14,20,True,6,34,2014,16
3813,56399,BAL,25,13,False,12,38,2014,16
3814,56400,MIN,37,35,False,2,72,2014,16
3815,56401,ATL,14,30,True,16,44,2014,16
3816,56402,NE,16,17,True,1,33,2014,16
3817,56403,KC,20,12,False,8,32,2014,16
3818,56404,GB,3,20,True,17,23,2014,16
3819,56405,NYG,27,37,True,10,64,2014,16
3820,56406,IND,42,7,False,35,49,2014,16
3821,56407,BUF,26,24,False,2,50,2014,16
3822,56408,SEA,6,35,True,29,41,2014,16
3823,56409,DEN,37,28,False,9,65,2014,16
3824,56410,CAR,3,34,True,31,37,2014,17
3825,56411,CLE,20,10,False,10,30,2014,17
3826,56412,DET,30,20,False,10,50,2014,17
3827,56413,JAC,23,17,False,6,40,2014,17
3828,56414,SD,19,7,False,12,26,2014,17
3829,56415,NYJ,24,37,True,13,61,2014,17
3830,56416,CHI,13,9,False,4,22,2014,17
3831,56417,BUF,9,17,True,8,26,2014,17
3832,56418,PHI,26,34,True,8,60,2014,17
3833,56419,CIN,27,17,False,10,44,2014,17
3834,56420,NO,20,23,True,3,43,2014,17
3835,56421,IND,10,27,True,17,37,2014,17
3836,56422,DAL,17,44,True,27,61,2014,17
3837,56423,OAK,47,14,False,33,61,2014,17
3838,56424,ARI,20,17,False,3,37,2014,17
3839,56425,STL,20,6,False,14,26,2014,17
3840,56503,PIT,28,21,False,7,49,2015,1
3841,56505,GB,23,31,True,8,54,2015,1
3842,56509,SEA,34,31,False,3,65,2015,1
3843,56507,CAR,9,20,True,11,29,2015,1
3844,56510,MIA,10,17,True,7,27,2015,1
3845,56504,IND,27,14,False,13,41,2015,1
3846,56508,CLE,31,10,False,21,41,2015,1
3847,56506,KC,20,27,True,7,47,2015,1
3848,56511,NO,31,19,False,12,50,2015,1
3849,56512,DET,33,28,False,5,61,2015,1
3850,56513,BAL,19,13,False,6,32,2015,1
3851,56514,CIN,13,33,True,20,46,2015,1
3852,56515,TEN,14,42,True,28,56,2015,1
3853,56516,NYG,27,26,False,1,53,2015,1
3854,56517,PHI,26,24,False,2,50,2015,1
3855,56518,MIN,20,3,False,17,23,2015,1
3856,56519,DEN,24,31,True,7,55,2015,2
3857,56521,HOU,24,17,False,7,41,2015,2
3858,56520,NE,32,40,True,8,72,2015,2
3859,56523,SD,24,19,False,5,43,2015,2
3860,56524,TEN,28,14,False,14,42,2015,2
3861,56527,ATL,20,24,True,4,44,2015,2
3862,56529,STL,24,10,False,14,34,2015,2
3863,56522,ARI,23,48,True,25,71,2015,2
3864,56525,DET,26,16,False,10,42,2015,2
3865,56526,TB,19,26,True,7,45,2015,2
3866,56528,SF,43,18,False,25,61,2015,2
3867,56531,BAL,37,33,False,4,70,2015,2
3868,56530,MIA,23,20,False,3,43,2015,2
3869,56532,DAL,10,20,True,10,30,2015,2
3870,56533,SEA,27,17,False,10,44,2015,2
3871,56534,NYJ,7,20,True,13,27,2015,2
3872,56535,WAS,32,21,False,11,53,2015,3
3873,56539,ATL,28,39,True,11,67,2015,3
3874,56537,NO,27,22,False,5,49,2015,3
3875,56543,PHI,17,24,True,7,41,2015,3
3876,56540,TB,19,9,False,10,28,2015,3
3877,56541,SD,31,14,False,17,45,2015,3
3878,56544,PIT,6,12,True,6,18,2015,3
3879,56542,JAC,51,17,False,34,68,2015,3
3880,56536,CIN,24,28,True,4,52,2015,3
3881,56538,OAK,20,27,True,7,47,2015,3
3882,56545,IND,33,35,True,2,68,2015,3
3883,56546,SF,47,7,False,40,54,2015,3
3884,56548,CHI,26,0,False,26,26,2015,3
3885,56547,BUF,14,41,True,27,55,2015,3
3886,56549,DEN,12,24,True,12,36,2015,3
3887,56550,KC,38,28,False,10,66,2015,3
3888,56551,BAL,20,23,True,3,43,2015,4
3889,56552,NYJ,14,27,True,13,41,2015,4
3890,56555,OAK,22,20,False,2,42,2015,4
3891,56553,HOU,48,21,False,27,69,2015,4
3892,56556,KC,36,21,False,15,57,2015,4
3893,56557,JAC,16,13,False,3,29,2015,4
3894,56559,PHI,23,20,False,3,43,2015,4
3895,56558,CAR,23,37,True,14,60,2015,4
3896,56554,NYG,10,24,True,14,34,2015,4
3897,56560,CLE,30,27,False,3,57,2015,4
3898,56563,GB,3,17,True,14,20,2015,4
3899,56561,STL,22,24,True,2,46,2015,4
3900,56562,MIN,23,20,False,3,43,2015,4
3901,56564,DAL,26,20,False,6,46,2015,4
3902,56565,DET,13,10,False,3,23,2015,4
3903,56566,IND,20,27,True,7,47,2015,5
3904,56572,NO,39,17,False,22,56,2015,5
3905,56571,CHI,17,18,True,1,35,2015,5
3906,56569,SEA,27,24,False,3,51,2015,5
3907,56567,WAS,25,19,False,6,44,2015,5
3908,56573,JAC,38,31,False,7,69,2015,5
3909,56568,CLE,30,33,True,3,63,2015,5
3910,56574,BUF,13,14,True,1,27,2015,5
3911,56570,STL,24,10,False,14,34,2015,5
3912,56575,ARI,17,42,True,25,59,2015,5
3913,56576,NE,6,30,True,24,36,2015,5
3914,56577,DEN,10,16,True,6,26,2015,5
3915,56578,SF,30,27,False,3,57,2015,5
3916,56579,PIT,20,24,True,4,44,2015,5
3917,56580,ATL,31,21,False,10,52,2015,6
3918,56583,CHI,37,34,False,3,71,2015,6
3919,56586,WAS,34,20,False,14,54,2015,6
3920,56587,ARI,25,13,False,12,38,2015,6
3921,56585,KC,16,10,False,6,26,2015,6
3922,56581,CIN,21,34,True,13,55,2015,6
3923,56582,DEN,23,26,True,3,49,2015,6
3924,56588,MIA,10,38,True,28,48,2015,6
3925,56584,HOU,20,31,True,11,51,2015,6
3926,56589,CAR,23,27,True,4,50,2015,6
3927,56590,SD,27,20,False,7,47,2015,6
3928,56591,BAL,25,20,False,5,45,2015,6
3929,56592,NE,27,34,True,7,61,2015,6
3930,56593,NYG,27,7,False,20,34,2015,6
3931,56594,SEA,3,20,True,17,23,2015,7
3932,56595,BUF,34,31,False,3,65,2015,7
3933,56601,CLE,24,6,False,18,30,2015,7
3934,56599,HOU,44,26,False,18,70,2015,7
3935,56600,NYJ,30,23,False,7,53,2015,7
3936,56598,PIT,23,13,False,10,36,2015,7
3937,56603,TB,31,30,False,1,61,2015,7
3938,56596,MIN,19,28,True,9,47,2015,7
3939,56597,NO,21,27,True,6,48,2015,7
3940,56602,ATL,7,10,True,3,17,2015,7
3941,56604,OAK,29,37,True,8,66,2015,7
3942,56605,DAL,27,20,False,7,47,2015,7
3943,56606,PHI,27,16,False,11,43,2015,7
3944,56607,BAL,26,18,False,8,44,2015,7
3945,56608,MIA,36,7,False,29,43,2015,8
3946,56609,DET,45,10,False,35,55,2015,8
3947,56611,SD,29,26,False,3,55,2015,8
3948,56616,CIN,10,16,True,6,26,2015,8
3949,56614,TEN,20,6,False,14,26,2015,8
3950,56612,MIN,20,23,True,3,43,2015,8
3951,56610,TB,20,23,True,3,43,2015,8
3952,56615,NYG,52,49,False,3,101,2015,8
3953,56617,SF,27,6,False,21,33,2015,8
3954,56613,ARI,20,34,True,14,54,2015,8
3955,56618,NYJ,34,20,False,14,54,2015,8
3956,56619,SEA,12,13,True,1,25,2015,8
3957,56620,GB,29,10,False,19,39,2015,8
3958,56621,IND,29,26,False,3,55,2015,8
3959,56622,CLE,31,10,False,21,41,2015,9
3960,56625,STL,21,18,False,3,39,2015,9
3961,56624,GB,37,29,False,8,66,2015,9
3962,56626,WAS,27,10,False,17,37,2015,9
3963,56627,TEN,28,34,True,6,62,2015,9
3964,56623,MIA,33,17,False,16,50,2015,9
3965,56628,JAC,28,23,False,5,51,2015,9
3966,56629,OAK,38,35,False,3,73,2015,9
3967,56631,NYG,18,32,True,14,50,2015,9
3968,56630,ATL,17,16,False,1,33,2015,9
3969,56632,DEN,27,24,False,3,51,2015,9
3970,56633,PHI,27,33,True,6,60,2015,9
3971,56634,CHI,19,22,True,3,41,2015,9
3972,56635,BUF,17,22,True,5,39,2015,10
3973,56643,NO,47,14,False,33,61,2015,10
3974,56637,DET,16,18,True,2,34,2015,10
3975,56641,DAL,10,6,False,4,16,2015,10
3976,56642,CAR,10,27,True,17,37,2015,10
3977,56640,CHI,13,37,True,24,50,2015,10
3978,56638,MIA,19,20,True,1,39,2015,10
3979,56636,JAC,20,22,True,2,42,2015,10
3980,56639,CLE,30,9,False,21,39,2015,10
3981,56644,MIN,14,30,True,16,44,2015,10
3982,56646,NE,26,27,True,1,53,2015,10
3983,56645,KC,13,29,True,16,42,2015,10
3984,56647,ARI,32,39,True,7,71,2015,10
3985,56648,HOU,6,10,True,4,16,2015,10
3986,56649,TEN,19,13,False,6,32,2015,11
3987,56653,DEN,15,17,True,2,32,2015,11
3988,56654,OAK,18,13,False,5,31,2015,11
3989,56650,IND,21,24,True,3,45,2015,11
3990,56655,NYJ,24,17,False,7,41,2015,11
3991,56658,TB,17,45,True,28,62,2015,11
3992,56657,GB,13,30,True,17,43,2015,11
3993,56652,WAS,44,16,False,28,60,2015,11
3994,56656,DAL,14,24,True,10,38,2015,11
3995,56651,STL,16,13,False,3,29,2015,11
3996,56659,CIN,34,31,False,3,65,2015,11
3997,56660,SF,29,13,False,16,42,2015,11
3998,56661,KC,3,33,True,30,36,2015,11
3999,56662,BUF,20,13,False,7,33,2015,11
4000,56663,PHI,45,14,False,31,59,2015,12
4001,56664,CAR,14,33,True,19,47,2015,12
4002,56665,CHI,13,17,True,4,30,2015,12
4003,56674,NYG,20,14,False,6,34,2015,12
4004,56666,MIN,10,20,True,10,30,2015,12
4005,56667,STL,31,7,False,24,38,2015,12
4006,56668,NO,24,6,False,18,30,2015,12
4007,56669,TB,25,12,False,13,37,2015,12
4008,56672,MIA,38,20,False,18,58,2015,12
4009,56670,SD,25,31,True,6,56,2015,12
4010,56673,OAK,21,24,True,3,45,2015,12
4011,56671,BUF,30,22,False,8,52,2015,12
4012,56675,ARI,13,19,True,6,32,2015,12
4013,56676,PIT,39,30,False,9,69,2015,12
4014,56677,NE,30,24,False,6,54,2015,12
4015,56678,BAL,27,33,True,6,60,2015,12
4016,56679,GB,23,27,True,4,50,2015,13
4017,56686,NYJ,20,23,True,3,43,2015,13
4018,56680,HOU,30,21,False,9,51,2015,13
4019,56683,BAL,15,13,False,2,28,2015,13
4020,56682,CIN,3,37,True,34,40,2015,13
4021,56689,JAC,42,39,False,3,81,2015,13
4022,56681,SF,20,26,True,6,46,2015,13
4023,56684,SEA,7,38,True,31,45,2015,13
4024,56685,CAR,38,41,True,3,79,2015,13
4025,56688,ATL,23,19,False,4,42,2015,13
4026,56687,ARI,3,27,True,24,30,2015,13
4027,56690,KC,20,34,True,14,54,2015,13
4028,56691,DEN,3,17,True,14,20,2015,13
4029,56692,PHI,28,35,True,7,63,2015,13
4030,56693,IND,45,10,False,35,55,2015,13
4031,56694,DAL,16,19,True,3,35,2015,13
4032,56695,MIN,23,20,False,3,43,2015,14
4033,56704,BUF,23,20,False,3,43,2015,14
4034,56703,TEN,30,8,False,22,38,2015,14
4035,56698,PIT,20,33,True,13,53,2015,14
4036,56700,NE,6,27,True,21,33,2015,14
4037,56701,IND,51,16,False,35,67,2015,14
4038,56702,SD,10,3,False,7,13,2015,14
4039,56697,WAS,21,24,True,3,45,2015,14
4040,56696,ATL,38,0,False,38,38,2015,14
4041,56706,NO,17,24,True,7,41,2015,14
4042,56705,DET,21,14,False,7,35,2015,14
4043,56699,SF,24,10,False,14,34,2015,14
4044,56707,OAK,12,15,True,3,27,2015,14
4045,56708,DAL,28,7,False,21,35,2015,14
4046,56709,SEA,6,35,True,29,41,2015,14
4047,56710,NYG,24,31,True,7,55,2015,14
4048,56711,TB,31,23,False,8,54,2015,15
4049,56712,NYJ,16,19,True,3,35,2015,15
4050,56718,CAR,35,38,True,3,73,2015,15
4051,56719,ARI,17,40,True,23,57,2015,15
4052,56716,CHI,38,17,False,21,55,2015,15
4053,56715,ATL,17,23,True,6,40,2015,15
4054,56714,HOU,10,16,True,6,26,2015,15
4055,56717,TEN,33,16,False,17,49,2015,15
4056,56713,KC,14,34,True,20,48,2015,15
4057,56720,BUF,35,25,False,10,60,2015,15
4058,56722,CLE,30,13,False,17,43,2015,15
4059,56721,GB,20,30,True,10,50,2015,15
4060,56723,DEN,34,27,False,7,61,2015,15
4061,56724,MIA,30,14,False,16,44,2015,15
4062,56725,CIN,14,24,True,10,38,2015,15
4063,56726,DET,27,35,True,8,62,2015,15
4064,56727,SD,23,20,False,3,43,2015,16
4065,56728,WAS,24,38,True,14,62,2015,16
4066,56735,JAC,38,27,False,11,65,2015,16
4067,56733,IND,12,18,True,6,30,2015,16
4068,56736,NE,26,20,False,6,46,2015,16
4069,56738,HOU,6,34,True,28,40,2015,16
4070,56732,CLE,17,13,False,4,30,2015,16
4071,56731,SF,32,17,False,15,49,2015,16
4072,56734,NYG,49,17,False,32,66,2015,16
4073,56729,CAR,20,13,False,7,33,2015,16
4074,56737,CHI,21,26,True,5,47,2015,16
4075,56730,DAL,16,6,False,10,22,2015,16
4076,56739,GB,38,8,False,30,46,2015,16
4077,56740,STL,17,23,True,6,40,2015,16
4078,56741,PIT,20,17,False,3,37,2015,16
4079,56742,CIN,20,17,False,3,37,2015,16
4080,56744,NYJ,22,17,False,5,39,2015,17
4081,56754,NE,20,10,False,10,30,2015,17
4082,56747,BAL,24,16,False,8,40,2015,17
4083,56748,PIT,12,28,True,16,40,2015,17
4084,56751,JAC,30,6,False,24,36,2015,17
4085,56752,TEN,30,24,False,6,54,2015,17
4086,56753,OAK,23,17,False,6,40,2015,17
4087,56749,WAS,23,34,True,11,57,2015,17
4088,56755,PHI,30,35,True,5,65,2015,17
4089,56746,DET,20,24,True,4,44,2015,17
4090,56750,MIN,13,20,True,7,33,2015,17
4091,56743,NO,17,20,True,3,37,2015,17
4092,56745,TB,38,10,False,28,48,2015,17
4093,56757,SD,27,20,False,7,47,2015,17
4094,56756,SEA,6,36,True,30,42,2015,17
4095,56758,STL,19,16,False,3,35,2015,17
4096,56901,CAR,21,20,False,1,41,2016,1
4097,56902,TB,24,31,True,7,55,2016,1
4098,56903,BUF,13,7,False,6,20,2016,1
4099,56904,CHI,23,14,False,9,37,2016,1
4100,56905,GB,23,27,True,4,50,2016,1
4101,56906,SD,33,27,False,6,60,2016,1
4102,56907,OAK,34,35,True,1,69,2016,1
4103,56908,CIN,22,23,True,1,45,2016,1
4104,56909,CLE,29,10,False,19,39,2016,1
4105,56910,MIN,16,25,True,9,41,2016,1
4106,56911,MIA,12,10,False,2,22,2016,1
4107,56912,NYG,19,20,True,1,39,2016,1
4108,56913,DET,35,39,True,4,74,2016,1
4109,56914,NE,21,23,True,2,44,2016,1
4110,56915,PIT,16,38,True,22,54,2016,1
4111,56916,LA,28,0,False,28,28,2016,1
4112,56917,NYJ,31,37,True,6,68,2016,2
4113,56918,SF,46,27,False,19,73,2016,2
4114,56919,BAL,20,25,True,5,45,2016,2
4115,56920,TEN,15,16,True,1,31,2016,2
4116,56921,KC,19,12,False,7,31,2016,2
4117,56922,MIA,31,24,False,7,55,2016,2
4118,56923,NO,16,13,False,3,29,2016,2
4119,56924,CIN,24,16,False,8,40,2016,2
4120,56925,DAL,23,27,True,4,50,2016,2
4121,56926,TB,40,7,False,33,47,2016,2
4122,56927,SEA,9,3,False,6,12,2016,2
4123,56928,IND,34,20,False,14,54,2016,2
4124,56929,ATL,28,35,True,7,63,2016,2
4125,56930,JAX,38,14,False,24,52,2016,2
4126,56931,GB,17,14,False,3,31,2016,2
4127,56932,PHI,14,29,True,15,43,2016,2
4128,56933,HOU,27,0,False,27,27,2016,3
4129,56934,ARI,33,18,False,15,51,2016,3
4130,56935,MIN,10,22,True,12,32,2016,3
4131,56936,DEN,17,29,True,12,46,2016,3
4132,56937,DET,34,27,False,7,61,2016,3
4133,56938,BAL,17,19,True,2,36,2016,3
4134,56939,CLE,30,24,False,6,54,2016,3
4135,56940,WAS,27,29,True,2,56,2016,3
4136,56941,OAK,10,17,True,7,27,2016,3
4137,56942,SF,37,18,False,19,55,2016,3
4138,56943,LA,32,37,True,5,69,2016,3
4139,56946,PIT,34,3,False,31,37,2016,3
4140,56944,SD,26,22,False,4,48,2016,3
4141,56945,NYJ,24,3,False,21,27,2016,3
4142,56947,CHI,31,17,False,14,48,2016,3
4143,56948,ATL,32,45,True,13,77,2016,3
4144,56949,MIA,22,7,False,15,29,2016,4
4145,56950,IND,30,27,False,3,57,2016,4
4146,56951,CAR,48,33,False,15,81,2016,4
4147,56952,OAK,27,28,True,1,55,2016,4
4148,56953,DET,17,14,False,3,31,2016,4
4149,56954,TEN,27,20,False,7,47,2016,4
4150,56955,BUF,0,16,True,16,16,2016,4
4151,56956,SEA,17,27,True,10,44,2016,4
4152,56957,CLE,31,20,False,11,51,2016,4
4153,56958,DEN,7,27,True,20,34,2016,4
4154,56959,LA,13,17,True,4,30,2016,4
4155,56960,NO,34,35,True,1,69,2016,4
4156,56961,DAL,17,24,True,7,41,2016,4
4157,56962,KC,43,14,False,29,57,2016,4
4158,56963,NYG,24,10,False,14,34,2016,4
4159,56964,ARI,21,33,True,12,54,2016,5
4160,56965,WAS,10,16,True,6,26,2016,5
4161,56966,NE,13,33,True,20,46,2016,5
4162,56967,PHI,24,23,False,1,47,2016,5
4163,56968,CHI,29,23,False,6,52,2016,5
4164,56969,TEN,17,30,True,13,47,2016,5
4165,56970,HOU,31,13,False,18,44,2016,5
4166,56971,NYJ,31,13,False,18,44,2016,5
4167,56972,ATL,16,23,True,7,39,2016,5
4168,56973,CIN,28,14,False,14,42,2016,5
4169,56974,BUF,19,30,True,11,49,2016,5
4170,56975,SD,34,31,False,3,65,2016,5
4171,56976,NYG,23,16,False,7,39,2016,5
4172,56977,TB,14,17,True,3,31,2016,5
4173,56978,DEN,21,13,False,8,34,2016,6
4174,56979,SF,45,16,False,29,61,2016,6
4175,56980,JAX,16,17,True,1,33,2016,6
4176,56981,LA,31,28,False,3,59,2016,6
4177,56982,PIT,30,15,False,15,45,2016,6
4178,56983,CIN,35,17,False,18,52,2016,6
4179,56984,CAR,41,38,False,3,79,2016,6
4180,56985,BAL,27,23,False,4,50,2016,6
4181,56986,CLE,28,26,False,2,54,2016,6
4182,56987,PHI,27,20,False,7,47,2016,6
4183,56988,KC,10,26,True,16,36,2016,6
4184,56989,DAL,16,30,True,14,46,2016,6
4185,56990,ATL,26,24,False,2,50,2016,6
4186,56991,IND,26,23,False,3,49,2016,6
4187,56992,NYJ,28,3,False,25,31,2016,6
4188,56993,CHI,26,10,False,16,36,2016,7
4189,56994,NYG,10,17,True,7,27,2016,7
4190,56995,CLE,31,17,False,14,48,2016,7
4191,56996,WAS,20,17,False,3,37,2016,7
4192,56997,OAK,16,33,True,17,49,2016,7
4193,56998,NO,27,21,False,6,48,2016,7
4194,56999,BUF,28,25,False,3,53,2016,7
4195,57000,BAL,24,16,False,8,40,2016,7
4196,57001,MIN,21,10,False,11,31,2016,7
4197,57002,IND,26,34,True,8,60,2016,7
4198,57003,SD,30,33,True,3,63,2016,7
4199,57004,TB,17,34,True,17,51,2016,7
4200,57005,NE,16,27,True,11,43,2016,7
4201,57006,SEA,6,6,False,0,12,2016,7
4202,57007,HOU,27,9,False,18,36,2016,7
4203,57008,JAX,36,22,False,14,58,2016,8
4204,57009,WAS,27,27,False,0,54,2016,8
4205,57010,GB,33,32,False,1,65,2016,8
4206,57011,NE,25,41,True,16,66,2016,8
4207,57012,NYJ,28,31,True,3,59,2016,8
4208,57013,DET,20,13,False,7,33,2016,8
4209,57014,KC,14,30,True,16,44,2016,8
4210,57015,SEA,25,20,False,5,45,2016,8
4211,57016,OAK,24,30,True,6,54,2016,8
4212,57017,SD,27,19,False,8,46,2016,8
4213,57018,ARI,30,20,False,10,50,2016,8
4214,57019,PHI,29,23,False,6,52,2016,8
4215,57020,MIN,20,10,False,10,30,2016,8
4216,57021,ATL,28,43,True,15,71,2016,9
4217,57032,DEN,30,20,False,10,50,2016,9
4218,57022,PIT,21,14,False,7,35,2016,9
4219,57023,DAL,10,35,True,25,45,2016,9
4220,57024,JAX,19,14,False,5,33,2016,9
4221,57025,NYJ,27,23,False,4,50,2016,9
4222,57026,DET,16,22,True,6,38,2016,9
4223,57027,PHI,28,23,False,5,51,2016,9
4224,57028,CAR,10,13,True,3,23,2016,9
4225,57029,NO,23,41,True,18,64,2016,9
4226,57030,IND,26,31,True,5,57,2016,9
4227,57031,TEN,43,35,False,8,78,2016,9
4228,57033,BUF,31,25,False,6,56,2016,9
4229,57034,CLE,28,7,False,21,35,2016,10
4230,57035,KC,17,20,True,3,37,2016,10
4231,57036,HOU,21,24,True,3,45,2016,10
4232,57037,DEN,23,25,True,2,48,2016,10
4233,57038,LA,6,9,True,3,15,2016,10
4234,57039,ATL,24,15,False,9,39,2016,10
4235,57040,CHI,36,10,False,26,46,2016,10
4236,57041,GB,47,25,False,22,72,2016,10
4237,57042,MIN,26,20,False,6,46,2016,10
4238,57043,MIA,24,31,True,7,55,2016,10
4239,57044,SF,23,20,False,3,43,2016,10
4240,57045,DAL,30,35,True,5,65,2016,10
4241,57046,SEA,24,31,True,7,55,2016,10
4242,57047,CIN,21,20,False,1,41,2016,10
4243,57048,NO,23,20,False,3,43,2016,11
4244,57049,BUF,12,16,True,4,28,2016,11
4245,57050,PIT,9,24,True,15,33,2016,11
4246,57051,BAL,27,17,False,10,44,2016,11
4247,57052,JAX,26,19,False,7,45,2016,11
4248,57053,TEN,24,17,False,7,41,2016,11
4249,57054,TB,17,19,True,2,36,2016,11
4250,57055,ARI,30,24,False,6,54,2016,11
4251,57056,CHI,22,16,False,6,38,2016,11
4252,57057,MIA,10,14,True,4,24,2016,11
4253,57058,NE,17,30,True,13,47,2016,11
4254,57059,PHI,26,15,False,11,41,2016,11
4255,57060,GB,42,24,False,18,66,2016,11
4256,57061,HOU,27,20,False,7,47,2016,11
4257,57062,MIN,16,13,False,3,29,2016,12
4258,57063,WAS,31,26,False,5,57,2016,12
4259,57064,PIT,7,28,True,21,35,2016,12
4260,57065,ARI,38,19,False,19,57,2016,12
4261,57066,CIN,19,12,False,7,31,2016,12
4262,57067,JAX,28,21,False,7,49,2016,12
4263,57068,TEN,21,27,True,6,48,2016,12
4264,57069,NYG,13,27,True,14,40,2016,12
4265,57070,SD,13,21,True,8,34,2016,12
4266,57071,SF,31,24,False,7,55,2016,12
4267,57072,LA,49,21,False,28,70,2016,12
4268,57073,SEA,14,5,False,9,19,2016,12
4269,57074,KC,27,30,True,3,57,2016,12
4270,57075,CAR,35,32,False,3,67,2016,12
4271,57076,NE,17,22,True,5,39,2016,12
4272,57077,GB,13,27,True,14,40,2016,12
4273,57078,DAL,15,17,True,2,32,2016,13
4274,57079,KC,28,29,True,1,57,2016,13
4275,57080,MIA,38,6,False,32,44,2016,13
4276,57081,SF,26,6,False,20,32,2016,13
4277,57082,PHI,32,14,False,18,46,2016,13
4278,57083,HOU,21,13,False,8,34,2016,13
4279,57084,DEN,10,20,True,10,30,2016,13
4280,57085,LA,26,10,False,16,36,2016,13
4281,57086,DET,13,28,True,15,41,2016,13
4282,57087,BUF,38,24,False,14,62,2016,13
4283,57088,WAS,31,23,False,8,54,2016,13
4284,57089,NYG,24,14,False,10,38,2016,13
4285,57090,TB,21,28,True,7,49,2016,13
4286,57091,CAR,40,7,False,33,47,2016,13
4287,57092,IND,10,41,True,31,51,2016,13
4288,57093,OAK,21,13,False,8,34,2016,14
4289,57094,PIT,20,27,True,7,47,2016,14
4290,57095,SD,28,16,False,12,44,2016,14
4291,57096,CIN,10,23,True,13,33,2016,14
4292,57097,CHI,20,17,False,3,37,2016,14
4293,57098,HOU,17,22,True,5,39,2016,14
4294,57099,MIN,16,25,True,9,41,2016,14
4295,57100,ARI,26,23,False,3,49,2016,14
4296,57101,WAS,22,27,True,5,49,2016,14
4297,57102,NO,16,11,False,5,27,2016,14
4298,57103,DEN,13,10,False,3,23,2016,14
4299,57104,NYJ,17,23,True,6,40,2016,14
4300,57105,SEA,38,10,False,28,48,2016,14
4301,57106,ATL,14,42,True,28,56,2016,14
4302,57107,DAL,10,7,False,3,17,2016,14
4303,57108,BAL,30,23,False,7,53,2016,14
4304,57109,LA,24,3,False,21,27,2016,15
4305,57110,MIA,13,34,True,21,47,2016,15
4306,57111,PHI,27,26,False,1,53,2016,15
4307,57112,CLE,33,13,False,20,46,2016,15
4308,57113,GB,27,30,True,3,57,2016,15
4309,57114,TB,26,20,False,6,46,2016,15
4310,57115,JAX,21,20,False,1,41,2016,15
4311,57116,TEN,17,19,True,2,36,2016,15
4312,57117,IND,6,34,True,28,40,2016,15
4313,57118,DET,17,6,False,11,23,2016,15
4314,57119,NO,41,48,True,7,89,2016,15
4315,57120,SF,41,13,False,28,54,2016,15
4316,57121,NE,3,16,True,13,19,2016,15
4317,57122,OAK,16,19,True,3,35,2016,15
4318,57123,PIT,20,24,True,4,44,2016,15
4319,57124,CAR,15,26,True,11,41,2016,15
4320,57125,NYG,24,19,False,5,43,2016,16
4321,57126,MIA,31,34,True,3,65,2016,16
4322,57127,ATL,16,33,True,17,49,2016,16
4323,57128,WAS,21,41,True,20,62,2016,16
4324,57129,SD,20,17,False,3,37,2016,16
4325,57130,MIN,38,25,False,13,63,2016,16
4326,57131,TEN,38,17,False,21,55,2016,16
4327,57132,NYJ,41,3,False,38,44,2016,16
4328,57133,TB,31,24,False,7,55,2016,16
4329,57134,IND,33,25,False,8,58,2016,16
4330,57135,SF,21,22,True,1,43,2016,16
4331,57136,ARI,31,34,True,3,65,2016,16
4332,57137,CIN,12,10,False,2,22,2016,16
4333,57138,BAL,31,27,False,4,58,2016,16
4334,57139,DEN,33,10,False,23,43,2016,16
4335,57140,DET,42,21,False,21,63,2016,16
4336,57141,NO,38,32,False,6,70,2016,17
4337,57142,BAL,27,10,False,17,37,2016,17
4338,57143,GB,24,31,True,7,55,2016,17
4339,57144,JAX,24,20,False,4,44,2016,17
4340,57145,NE,14,35,True,21,49,2016,17
4341,57146,CHI,38,10,False,28,48,2016,17
4342,57147,BUF,30,10,False,20,40,2016,17
4343,57148,DAL,27,13,False,14,40,2016,17
4344,57149,CLE,27,24,False,3,51,2016,17
4345,57150,CAR,17,16,False,1,33,2016,17
4346,57151,HOU,24,17,False,7,41,2016,17
4347,57152,NYG,10,19,True,9,29,2016,17
4348,57153,OAK,24,6,False,18,30,2016,17
4349,57154,ARI,6,44,True,38,50,2016,17
4350,57155,KC,27,37,True,10,64,2016,17
4351,57156,SEA,23,25,True,2,48,2016,17
4352,57234,KC,27,42,True,15,69,2017,1
4353,57235,NYJ,21,12,False,9,33,2017,1
4354,57236,ATL,17,23,True,6,40,2017,1
4355,57237,BAL,0,20,True,20,20,2017,1
4356,57238,PIT,18,21,True,3,39,2017,1
4357,57239,ARI,35,23,False,12,58,2017,1
4358,57240,JAX,7,29,True,22,36,2017,1
4359,57242,OAK,16,26,True,10,42,2017,1
4360,57243,PHI,17,30,True,13,47,2017,1
4361,57244,IND,46,9,False,37,55,2017,1
4362,57245,SEA,17,9,False,8,26,2017,1
4363,57246,CAR,3,23,True,20,26,2017,1
4364,57247,NYG,19,3,False,16,22,2017,1
4365,57248,NO,29,19,False,10,48,2017,1
4366,57249,LAC,24,21,False,3,45,2017,1
4367,57250,HOU,9,13,True,4,22,2017,2
4368,57251,CLE,24,10,False,14,34,2017,2
4369,57252,BUF,9,3,False,6,12,2017,2
4370,57253,ARI,13,16,True,3,29,2017,2
4371,57254,TEN,16,37,True,21,53,2017,2
4372,57255,PHI,27,20,False,7,47,2017,2
4373,57256,NE,20,36,True,16,56,2017,2
4374,57257,MIN,26,9,False,17,35,2017,2
4375,57258,CHI,29,7,False,22,36,2017,2
4376,57259,MIA,17,19,True,2,36,2017,2
4377,57260,NYJ,45,20,False,25,65,2017,2
4378,57261,DAL,42,17,False,25,59,2017,2
4379,57262,WAS,20,27,True,7,47,2017,2
4380,57263,SF,12,9,False,3,21,2017,2
4381,57264,GB,34,23,False,11,57,2017,2
4382,57265,DET,10,24,True,14,34,2017,2
4383,57266,LA,39,41,True,2,80,2017,3
4384,57267,BAL,44,7,False,37,51,2017,3
4385,57268,DEN,26,16,False,10,42,2017,3
4386,57269,NO,13,34,True,21,47,2017,3
4387,57270,PIT,23,17,False,6,40,2017,3
4388,57271,ATL,26,30,True,4,56,2017,3
4389,57272,CLE,31,28,False,3,59,2017,3
4390,57273,TB,34,17,False,17,51,2017,3
4391,57274,HOU,36,33,False,3,69,2017,3
4392,57275,MIA,20,6,False,14,26,2017,3
4393,57276,NYG,27,24,False,3,51,2017,3
4394,57277,SEA,33,27,False,6,60,2017,3
4395,57278,CIN,27,24,False,3,51,2017,3
4396,57279,KC,10,24,True,14,34,2017,3
4397,57280,OAK,27,10,False,17,37,2017,3
4398,57281,DAL,17,28,True,11,45,2017,3
4399,57282,CHI,35,14,False,21,49,2017,4
4400,57283,NO,0,20,True,20,20,2017,4
4401,57284,BUF,17,23,True,6,40,2017,4
4402,57285,PIT,9,26,True,17,35,2017,4
4403,57286,CIN,7,31,True,24,38,2017,4
4404,57287,LA,30,35,True,5,65,2017,4
4405,57288,TEN,57,14,False,43,71,2017,4
4406,57289,DET,7,14,True,7,21,2017,4
4407,57290,CAR,30,33,True,3,63,2017,4
4408,57291,JAX,23,20,False,3,43,2017,4
4409,57292,SF,18,15,False,3,33,2017,4
4410,57293,PHI,24,26,True,2,50,2017,4
4411,57294,NYG,25,23,False,2,48,2017,4
4412,57295,OAK,16,10,False,6,26,2017,4
4413,57296,IND,46,18,False,28,64,2017,4
4414,57297,WAS,29,20,False,9,49,2017,4
4415,57298,NE,14,19,True,5,33,2017,5
4416,57299,BUF,20,16,False,4,36,2017,5
4417,57300,NYJ,14,17,True,3,31,2017,5
4418,57301,CAR,24,27,True,3,51,2017,5
4419,57302,SF,26,23,False,3,49,2017,5
4420,57303,TEN,16,10,False,6,26,2017,5
4421,57304,LAC,22,27,True,5,49,2017,5
4422,57305,ARI,34,7,False,27,41,2017,5
4423,57306,JAX,9,30,True,21,39,2017,5
4424,57307,SEA,10,16,True,6,26,2017,5
4425,57308,BAL,17,30,True,13,47,2017,5
4426,57309,GB,31,35,True,4,66,2017,5
4427,57310,KC,34,42,True,8,76,2017,5
4428,57311,MIN,17,20,True,3,37,2017,5
4429,57312,PHI,23,28,True,5,51,2017,6
4430,57313,MIA,17,20,True,3,37,2017,6
4431,57314,CHI,24,27,True,3,51,2017,6
4432,57315,CLE,33,17,False,16,50,2017,6
4433,57316,GB,23,10,False,13,33,2017,6
4434,57317,DET,52,38,False,14,90,2017,6
4435,57318,NE,17,24,True,7,41,2017,6
4436,57319,SF,26,24,False,2,50,2017,6
4437,57320,TB,38,33,False,5,71,2017,6
4438,57321,LA,17,27,True,10,44,2017,6
4439,57322,PIT,13,19,True,6,32,2017,6
4440,57323,LAC,16,17,True,1,33,2017,6
4441,57324,NYG,10,23,True,13,33,2017,6
4442,57325,IND,36,22,False,14,58,2017,6
4443,57326,KC,31,30,False,1,61,2017,7
4444,57327,TB,30,27,False,3,57,2017,7
4445,57328,CAR,17,3,False,14,20,2017,7
4446,57329,TEN,9,12,True,3,21,2017,7
4447,57330,NO,17,26,True,9,43,2017,7
4448,57331,JAX,0,27,True,27,27,2017,7
4449,57332,ARI,33,0,False,33,33,2017,7
4450,57333,NYJ,31,28,False,3,59,2017,7
4451,57334,BAL,24,16,False,8,40,2017,7
4452,57335,CIN,29,14,False,15,43,2017,7
4453,57336,DAL,10,40,True,30,50,2017,7
4454,57337,DEN,21,0,False,21,21,2017,7
4455,57338,SEA,7,24,True,17,31,2017,7
4456,57339,ATL,23,7,False,16,30,2017,7
4457,57340,WAS,34,24,False,10,58,2017,7
4458,57341,MIA,40,0,False,40,40,2017,8
4459,57342,MIN,16,33,True,17,49,2017,8
4460,57343,OAK,34,14,False,20,48,2017,8
4461,57344,IND,24,23,False,1,47,2017,8
4462,57345,LAC,21,13,False,8,34,2017,8
4463,57346,CHI,20,12,False,8,32,2017,8
4464,57347,ATL,20,25,True,5,45,2017,8
4465,57348,SF,33,10,False,23,43,2017,8
4466,57349,CAR,3,17,True,14,20,2017,8
4467,57350,HOU,41,38,False,3,79,2017,8
4468,57351,DAL,19,33,True,14,52,2017,8
4469,57352,PIT,15,20,True,5,35,2017,8
4470,57353,DEN,29,19,False,10,48,2017,8
4471,57354,BUF,34,21,False,13,55,2017,9
4472,57355,ATL,20,17,False,3,37,2017,9
4473,57356,IND,14,20,True,6,34,2017,9
4474,57357,CIN,23,7,False,16,30,2017,9
4475,57358,TB,30,10,False,20,40,2017,9
4476,57359,LA,17,51,True,34,68,2017,9
4477,57360,DEN,51,23,False,28,74,2017,9
4478,57361,BAL,23,20,False,3,43,2017,9
4479,57362,ARI,10,20,True,10,30,2017,9
4480,57363,WAS,14,17,True,3,31,2017,9
4481,57364,KC,28,17,False,11,45,2017,9
4482,57365,OAK,24,27,True,3,51,2017,9
4483,57366,DET,17,30,True,13,47,2017,9
4484,57367,SEA,16,22,True,6,38,2017,10
4485,57368,NO,10,47,True,37,57,2017,10
4486,57369,GB,16,23,True,7,39,2017,10
4487,57370,CLE,38,24,False,14,62,2017,10
4488,57371,PIT,17,20,True,3,37,2017,10
4489,57372,LAC,20,17,False,3,37,2017,10
4490,57373,NYJ,15,10,False,5,25,2017,10
4491,57374,CIN,24,20,False,4,44,2017,10
4492,57375,MIN,30,38,True,8,68,2017,10
4493,57376,HOU,33,7,False,26,40,2017,10
4494,57377,DAL,27,7,False,20,34,2017,10
4495,57378,NYG,31,21,False,10,52,2017,10
4496,57379,NE,16,41,True,25,57,2017,10
4497,57380,MIA,45,21,False,24,66,2017,10
4498,57381,TEN,40,17,False,23,57,2017,11
4499,57382,DET,24,27,True,3,51,2017,11
4500,57383,JAX,7,19,True,12,26,2017,11
4501,57384,BAL,0,23,True,23,23,2017,11
4502,57385,ARI,31,21,False,10,52,2017,11
4503,57386,LA,24,7,False,17,31,2017,11
4504,57387,WAS,34,31,False,3,65,2017,11
4505,57388,KC,12,9,False,3,21,2017,11
4506,57389,BUF,54,24,False,30,78,2017,11
4507,57390,CIN,17,20,True,3,37,2017,11
4508,57391,NE,8,33,True,25,41,2017,11
4509,57392,PHI,9,37,True,28,46,2017,11
4510,57241,TB,20,30,True,10,50,2017,11
4511,57393,ATL,31,34,True,3,65,2017,11
4512,57394,MIN,23,30,True,7,53,2017,12
4513,57395,LAC,6,28,True,22,34,2017,12
4514,57396,NYG,20,10,False,10,30,2017,12
4515,57397,TB,34,20,False,14,54,2017,12
4516,57398,CLE,30,16,False,14,46,2017,12
4517,57399,TEN,16,20,True,4,36,2017,12
4518,57400,BUF,10,16,True,6,26,2017,12
4519,57401,MIA,35,17,False,18,52,2017,12
4520,57402,CAR,27,35,True,8,62,2017,12
4521,57403,CHI,31,3,False,28,34,2017,12
4522,57404,NO,26,20,False,6,46,2017,12
4523,57405,SEA,13,24,True,11,37,2017,12
4524,57406,JAX,27,24,False,3,51,2017,12
4525,57407,DEN,21,14,False,7,35,2017,12
4526,57408,GB,31,28,False,3,59,2017,12
4527,57409,HOU,23,16,False,7,39,2017,12
4528,57410,WAS,38,14,False,24,52,2017,13
4529,57411,MIN,9,14,True,5,23,2017,13
4530,57412,DET,44,20,False,24,64,2017,13
4531,57413,NE,3,23,True,20,26,2017,13
4532,57414,SF,14,15,True,1,29,2017,13
4533,57415,TB,26,20,False,6,46,2017,13
4534,57416,IND,30,10,False,20,40,2017,13
4535,57417,DEN,35,9,False,26,44,2017,13
4536,57418,CAR,31,21,False,10,52,2017,13
4537,57419,KC,38,31,False,7,69,2017,13
4538,57420,HOU,24,13,False,11,37,2017,13
4539,57421,CLE,19,10,False,9,29,2017,13
4540,57422,LA,16,32,True,16,48,2017,13
4541,57423,NYG,24,17,False,7,41,2017,13
4542,57424,PHI,24,10,False,14,34,2017,13
4543,57425,PIT,20,23,True,3,43,2017,13
4544,57426,NO,20,17,False,3,37,2017,14
4545,57427,IND,13,7,False,6,20,2017,14
4546,57428,MIN,31,24,False,7,55,2017,14
4547,57429,CHI,7,33,True,26,40,2017,14
4548,57430,GB,21,27,True,6,48,2017,14
4549,57431,SF,16,26,True,10,42,2017,14
4550,57432,SEA,30,24,False,6,54,2017,14
4551,57433,OAK,26,15,False,11,41,2017,14
4552,57434,DET,21,24,True,3,45,2017,14
4553,57435,TEN,12,7,False,5,19,2017,14
4554,57436,NYJ,23,0,False,23,23,2017,14
4555,57437,WAS,30,13,False,17,43,2017,14
4556,57438,PHI,35,43,True,8,78,2017,14
4557,57439,DAL,10,30,True,20,40,2017,14
4558,57440,BAL,39,38,False,1,77,2017,14
4559,57441,NE,27,20,False,7,47,2017,14
4560,57442,DEN,13,25,True,12,38,2017,15
4561,57443,CHI,20,10,False,10,30,2017,15
4562,57444,LAC,30,13,False,17,43,2017,15
4563,57445,MIA,24,16,False,8,40,2017,15
4564,57446,GB,31,24,False,7,55,2017,15
4565,57447,BAL,10,27,True,17,37,2017,15
4566,57448,HOU,45,7,False,38,52,2017,15
4567,57449,CIN,34,7,False,27,41,2017,15
4568,57450,NYJ,31,19,False,12,50,2017,15
4569,57451,PHI,29,34,True,5,63,2017,15
4570,57452,ARI,20,15,False,5,35,2017,15
4571,57453,LA,7,42,True,35,49,2017,15
4572,57454,NE,24,27,True,3,51,2017,15
4573,57455,TEN,25,23,False,2,48,2017,15
4574,57456,DAL,17,20,True,3,37,2017,15
4575,57457,ATL,21,24,True,3,45,2017,15
4576,57458,IND,23,16,False,7,39,2017,16
4577,57459,MIN,0,16,True,16,16,2017,16
4578,57460,TB,22,19,False,3,41,2017,16
4579,57461,CLE,20,3,False,17,23,2017,16
4580,57462,DET,26,17,False,9,43,2017,16
4581,57463,MIA,29,13,False,16,42,2017,16
4582,57464,BUF,37,16,False,21,53,2017,16
4583,57465,ATL,23,13,False,10,36,2017,16
4584,57466,LAC,7,14,True,7,21,2017,16
4585,57467,LA,23,27,True,4,50,2017,16
4586,57468,DEN,27,11,False,16,38,2017,16
4587,57469,JAX,44,33,False,11,77,2017,16
4588,57470,NYG,23,0,False,23,23,2017,16
4589,57471,SEA,12,21,True,9,33,2017,16
4590,57472,PIT,6,34,True,28,40,2017,16
4591,57473,OAK,19,10,False,9,29,2017,16
4592,57474,CAR,22,10,False,12,32,2017,17
4593,57475,CIN,27,31,True,4,58,2017,17
4594,57476,GB,35,11,False,24,46,2017,17
4595,57477,HOU,22,13,False,9,35,2017,17
4596,57478,BUF,16,22,True,6,38,2017,17
4597,57479,CHI,23,10,False,13,33,2017,17
4598,57480,NYJ,26,6,False,20,32,2017,17
4599,57481,WAS,18,10,False,8,28,2017,17
4600,57482,DAL,0,6,True,6,6,2017,17
4601,57483,CLE,28,24,False,4,52,2017,17
4602,57484,NO,31,24,False,7,55,2017,17
4603,57485,JAX,15,10,False,5,25,2017,17
4604,57486,KC,24,27,True,3,51,2017,17
4605,57487,OAK,30,10,False,20,40,2017,17
4606,57488,SF,13,34,True,21,47,2017,17
4607,57489,ARI,24,26,True,2,50,2017,17
